time_s,sport,exercise,camera_view,phase,pose_status,left_hip_angle_deg,right_hip_angle_deg,left_knee_angle_deg,right_knee_angle_deg,left_ankle_angle_deg,right_ankle_angle_deg,left_shoulder_angle_deg,right_shoulder_angle_deg,left_elbow_angle_deg,right_elbow_angle_deg,trunk_lean_angle_deg,athlete_depth_m,center_depth_m,barbell_detected,barbell_x_px,barbell_y_px,barbell_horizontal_displacement_px,barbell_vertical_displacement_px,barbell_vertical_velocity_px_s,barbell_horizontal_velocity_px_s,barbell_max_height_px,barbell_x_m,barbell_y_m,barbell_z_depth_m,barbell_horizontal_displacement_m,barbell_vertical_displacement_m,barbell_vertical_velocity_m_s,barbell_horizontal_velocity_m_s,barbell_max_height_m
0.044,Weightlifting,Clean & Jerk,Front View,Setup,Detected,55.18,76.11,158.42,156.97,147.05,161.43,126.5,111.7,174.03,163.76,108.43,3.116,8.483,False,,,,,,,,,,,,,,,
0.106,Weightlifting,Clean & Jerk,Front View,Setup,Detected,60.05,75.75,156.44,156.61,147.29,161.43,120.23,111.7,174.39,163.76,99.46,3.116,8.483,False,,,,,,,,,,,,,,,
0.167,Weightlifting,Clean & Jerk,Front View,Setup,Detected,69.83,79.16,152.7,156.23,146.31,161.43,108.8,107.92,173.29,163.76,71.57,3.148,8.254,False,,,,,,,,,,,,,,,
0.228,Weightlifting,Clean & Jerk,Front View,Setup,Detected,66.21,79.16,156.56,156.23,149.18,161.43,113.77,107.92,174.03,163.76,78.69,3.148,8.254,False,,,,,,,,,,,,,,,
0.293,Weightlifting,Clean & Jerk,Front View,Setup,Detected,60.61,80.31,156.64,158.14,148.16,162.19,119.74,107.92,173.39,163.76,90.0,3.132,8.144,False,,,,,,,,,,,,,,,
0.356,Weightlifting,Clean & Jerk,Front View,Setup,Detected,60.26,80.31,156.29,158.14,149.26,162.19,119.74,107.92,170.81,163.76,90.0,3.132,8.144,False,,,,,,,,,,,,,,,
0.42,Weightlifting,Clean & Jerk,Front View,Setup,Detected,60.26,80.31,156.29,157.39,148.16,161.43,119.74,107.92,169.51,163.76,90.0,3.116,8.603,False,,,,,,,,,,,,,,,
0.482,Weightlifting,Clean & Jerk,Front View,Setup,Detected,60.26,77.16,156.37,158.5,144.74,162.19,119.74,112.48,170.81,162.71,104.04,3.101,8.603,False,,,,,,,,,,,,,,,
0.545,Weightlifting,Clean & Jerk,Front View,Setup,Detected,60.26,68.49,156.45,157.66,142.61,162.84,119.74,120.91,170.81,162.18,120.96,3.101,8.726,False,,,,,,,,,,,,,,,
0.61,Weightlifting,Clean & Jerk,Front View,Setup,Detected,65.49,75.75,156.01,157.24,148.24,162.77,113.77,112.75,171.19,162.9,90.0,3.116,8.726,False,,,,,,,,,,,,,,,
0.675,Weightlifting,Clean & Jerk,Front View,Setup,Detected,70.82,82.87,155.55,156.87,150.5,162.77,108.06,104.74,171.19,163.41,59.04,3.054,8.483,False,,,,,,,,,,,,,,,
0.733,Weightlifting,Clean & Jerk,Front View,Setup,Detected,79.41,81.2,158.67,158.37,151.37,165.84,101.72,107.92,170.98,163.22,59.04,3.054,8.483,False,,,,,,,,,,,,,,,
0.795,Weightlifting,Clean & Jerk,Front View,Setup,Detected,73.07,80.07,158.67,156.46,152.4,165.06,106.93,107.92,173.38,163.22,68.2,3.069,7.932,False,,,,,,,,,,,,,,,
0.858,Weightlifting,Clean & Jerk,Front View,Setup,Detected,84.47,88.45,156.58,153.76,148.08,161.22,95.53,96.1,170.98,165.87,40.6,3.069,7.932,False,,,,,,,,,,,,,,,
0.92,Weightlifting,Clean & Jerk,Front View,Setup,Detected,89.64,91.39,154.86,153.34,147.09,161.22,89.27,92.74,171.14,165.87,33.69,3.148,8.254,False,,,,,,,,,,,,,,,
0.983,Weightlifting,Clean & Jerk,Front View,Setup,Detected,75.83,87.51,153.87,156.01,147.19,164.98,101.22,99.07,171.91,165.39,38.66,3.148,8.254,False,,,,,,,,,,,,,,,
1.044,Weightlifting,Clean & Jerk,Front View,Setup,Detected,64.79,84.03,154.26,156.39,147.19,164.98,112.64,102.92,170.84,165.39,63.43,3.085,8.483,False,,,,,,,,,,,,,,,
1.107,Weightlifting,Clean & Jerk,Front View,Setup,Detected,76.91,87.51,155.84,156.01,148.08,164.98,100.88,99.07,171.18,164.26,38.66,3.085,8.483,False,,,,,,,,,,,,,,,
1.168,Weightlifting,Clean & Jerk,Front View,Setup,Detected,76.91,87.51,155.76,156.01,149.1,164.98,100.88,99.07,172.45,164.26,38.66,3.101,8.144,False,,,,,,,,,,,,,,,
1.231,Weightlifting,Clean & Jerk,Front View,Setup,Detected,77.28,85.36,156.04,154.09,149.01,160.42,100.55,98.57,172.78,165.96,45.0,3.101,8.144,False,,,,,,,,,,,,,,,
1.294,Weightlifting,Clean & Jerk,Front View,Setup,Detected,87.9,87.51,155.49,155.22,149.85,160.42,89.25,97.55,174.36,165.96,29.74,3.132,8.037,False,,,,,,,,,,,,,,,
1.355,Weightlifting,Clean & Jerk,Front View,Setup,Detected,89.0,84.39,157.69,155.87,148.82,157.18,89.25,100.35,174.36,168.4,33.69,3.132,8.037,False,,,,,,,,,,,,,,,
1.417,Weightlifting,Clean & Jerk,Front View,Setup,Detected,89.0,88.24,157.76,155.87,148.9,157.18,89.25,96.07,174.36,168.83,29.74,3.132,8.144,False,,,,,,,,,,,,,,,
1.48,Weightlifting,Clean & Jerk,Front View,Setup,Detected,87.9,88.24,155.76,155.87,147.99,157.18,89.25,96.5,174.59,168.4,29.74,3.132,8.144,False,,,,,,,,,,,,,,,
1.543,Weightlifting,Clean & Jerk,Front View,Setup,Detected,89.26,88.24,155.47,155.87,149.18,157.18,88.59,96.5,172.44,168.4,35.54,3.148,7.831,False,,,,,,,,,,,,,,,
1.605,Weightlifting,Clean & Jerk,Front View,Setup,Detected,99.48,99.28,154.99,157.01,149.1,157.9,78.3,85.88,173.19,168.4,22.62,3.181,7.831,False,,,,,,,,,,,,,,,
1.666,Weightlifting,Clean & Jerk,Front View,Setup,Detected,99.48,99.64,154.99,157.28,149.1,160.97,78.3,85.88,173.19,168.4,22.62,3.132,8.144,False,,,,,,,,,,,,,,,
1.73,Weightlifting,Clean & Jerk,Front View,Setup,Detected,99.48,99.98,154.99,157.54,145.75,164.11,78.3,84.81,173.19,170.64,22.62,3.132,8.144,False,,,,,,,,,,,,,,,
1.792,Weightlifting,Clean & Jerk,Front View,Setup,Detected,99.48,99.98,154.99,157.62,145.75,163.59,77.97,83.72,173.76,172.89,22.62,3.165,8.254,False,,,,,,,,,,,,,,,
1.856,Weightlifting,Clean & Jerk,Front View,Setup,Detected,94.76,99.98,151.65,157.54,151.2,164.11,80.46,83.32,173.76,173.56,18.43,3.165,8.254,False,,,,,,,,,,,,,,,
1.916,Weightlifting,Clean & Jerk,Front View,Setup,Detected,92.0,99.98,150.79,157.45,151.86,164.03,82.58,83.32,173.52,173.56,14.04,3.165,8.483,False,,,,,,,,,,,,,,,
1.978,Weightlifting,Clean & Jerk,Front View,Setup,Detected,99.17,96.94,152.39,157.78,147.83,157.65,77.64,86.69,174.09,173.56,24.44,3.148,8.483,False,,,,,,,,,,,,,,,
2.041,Weightlifting,Clean & Jerk,Front View,Setup,Detected,97.06,95.84,151.82,155.94,145.86,152.73,80.46,86.69,173.76,173.56,30.96,3.148,8.483,False,,,,,,,,,,,,,,,
2.105,Weightlifting,Clean & Jerk,Front View,Setup,Detected,92.47,89.25,154.19,156.59,146.81,152.73,86.46,92.85,173.76,175.82,40.6,3.148,8.483,False,,,,,,,,,,,,,,,
2.166,Weightlifting,Clean & Jerk,Front View,Setup,Detected,86.29,85.4,154.53,156.69,146.81,152.83,92.98,96.71,173.76,175.82,50.19,3.085,8.254,False,,,,,,,,,,,,,,,
2.23,Weightlifting,Clean & Jerk,Front View,Setup,Detected,92.81,85.07,154.53,156.37,148.05,151.01,86.14,96.71,174.09,175.82,45.0,3.085,8.254,False,,,,,,,,,,,,,,,
2.293,Weightlifting,Clean & Jerk,Front View,Setup,Detected,92.81,84.74,153.58,156.13,144.76,148.28,86.46,97.41,173.52,174.23,45.0,3.116,8.367,False,,,,,,,,,,,,,,,
2.356,Weightlifting,Clean & Jerk,Front View,Setup,Detected,99.21,91.59,155.05,155.42,145.84,151.1,80.46,89.85,173.52,173.95,33.69,3.132,8.367,False,,,,,,,,,,,,,,,
2.418,Weightlifting,Clean & Jerk,Front View,Setup,Detected,98.86,94.76,154.7,154.24,145.84,147.47,80.79,86.3,172.11,173.95,30.96,3.181,8.367,False,,,,,,,,,,,,,,,
2.48,Weightlifting,Clean & Jerk,Front View,Setup,Detected,94.78,97.49,153.35,156.2,143.72,151.1,83.39,84.02,172.11,175.52,21.8,3.181,8.367,False,,,,,,,,,,,,,,,
2.543,Weightlifting,Clean & Jerk,Front View,Setup,Detected,94.78,97.13,153.47,155.92,142.58,151.19,83.39,84.02,172.33,175.52,21.8,3.132,8.726,False,,,,,,,,,,,,,,,
2.603,Weightlifting,Clean & Jerk,Front View,Setup,Detected,74.64,92.6,153.0,154.34,142.13,150.4,102.16,87.76,172.11,175.52,18.43,3.132,8.726,False,,,,,,,,,,,,,,,
2.666,Weightlifting,Clean & Jerk,Front View,Setup,Detected,72.75,91.46,151.65,152.41,142.23,149.6,101.5,87.76,174.28,175.52,9.46,3.116,7.831,False,,,,,,,,,,,,,,,
2.73,Weightlifting,Clean & Jerk,Front View,Setup,Detected,80.8,95.2,154.06,152.3,142.13,149.49,96.72,84.02,172.23,175.52,14.04,3.132,7.831,False,,,,,,,,,,,,,,,
2.792,Weightlifting,Clean & Jerk,Front View,Setup,Detected,78.91,96.71,153.0,154.51,142.13,150.19,97.56,85.11,172.23,173.29,7.13,3.085,8.367,False,,,,,,,,,,,,,,,
2.863,Weightlifting,Clean & Jerk,Front View,Setup,Detected,80.98,95.6,151.55,153.39,142.13,150.19,94.36,84.02,171.89,176.66,0.0,3.085,8.367,False,,,,,,,,,,,,,,,
2.919,Weightlifting,Clean & Jerk,Front View,Setup,Detected,80.98,98.73,150.64,153.0,138.96,150.19,94.36,80.88,171.89,175.98,0.0,3.165,8.483,False,,,,,,,,,,,,,,,
2.978,Weightlifting,Clean & Jerk,Front View,Setup,Detected,72.8,95.6,150.93,153.39,138.84,147.37,102.96,84.4,172.11,175.98,0.0,3.165,8.483,False,,,,,,,,,,,,,,,
3.041,Weightlifting,Clean & Jerk,Front View,Setup,Detected,62.98,91.86,149.12,153.39,138.05,147.37,110.99,88.54,173.95,175.89,0.0,3.148,8.367,False,,,,,,,,,,,,,,,
3.103,Weightlifting,Clean & Jerk,Front View,Setup,Detected,63.21,88.3,149.24,153.77,137.15,144.67,111.78,92.47,174.2,175.89,33.69,3.165,8.367,False,,,,,,,,,,,,,,,
3.165,Weightlifting,Clean & Jerk,Front View,Setup,Detected,63.73,90.0,150.28,154.13,137.15,144.67,112.3,90.74,175.51,177.41,33.69,3.132,8.144,False,,,,,,,,,,,,,,,
3.227,Weightlifting,Clean & Jerk,Front View,Setup,Detected,81.03,94.56,151.59,155.42,143.06,145.58,96.04,86.56,173.43,177.41,15.95,3.132,8.144,False,,,,,,,,,,,,,,,
3.289,Weightlifting,Clean & Jerk,Front View,Setup,Detected,83.88,101.82,150.62,155.05,143.18,148.28,92.83,78.54,172.7,178.13,5.71,3.181,8.982,False,,,,,,,,,,,,,,,
3.354,Weightlifting,Clean & Jerk,Front View,Setup,Detected,80.68,102.2,148.88,155.42,137.85,146.92,94.05,78.54,172.7,178.13,0.0,3.181,8.982,False,,,,,,,,,,,,,,,
3.414,Weightlifting,Clean & Jerk,Front View,Setup,Detected,78.05,102.2,147.41,155.42,135.96,149.85,95.09,78.54,172.7,178.9,5.71,3.181,8.254,False,,,,,,,,,,,,,,,
3.477,Weightlifting,Clean & Jerk,Front View,Setup,Detected,80.1,105.63,150.09,155.33,133.51,149.76,95.44,75.49,173.95,177.41,5.19,3.181,8.254,False,,,,,,,,,,,,,,,
3.539,Weightlifting,Clean & Jerk,Front View,Setup,Detected,80.55,110.85,150.32,154.95,133.29,146.82,96.89,70.99,172.5,176.3,9.46,3.215,8.367,False,,,,,,,,,,,,,,,
3.603,Weightlifting,Clean & Jerk,Front View,Setup,Detected,80.72,105.26,152.29,155.77,136.25,153.65,96.71,75.49,173.29,178.52,10.3,3.215,8.367,False,,,,,,,,,,,,,,,
3.665,Weightlifting,Clean & Jerk,Front View,Setup,Detected,76.33,103.17,151.96,155.77,138.54,153.65,101.05,76.45,172.92,179.64,5.71,3.148,8.603,False,,,,,,,,,,,,,,,
3.728,Weightlifting,Clean & Jerk,Front View,Setup,Detected,75.08,108.05,148.69,155.38,136.52,153.65,102.15,72.31,170.5,178.18,10.3,3.165,8.603,False,,,,,,,,,,,,,,,
3.789,Weightlifting,Clean & Jerk,Front View,Setup,Detected,75.51,106.04,148.99,156.64,134.2,149.27,102.15,75.49,170.76,178.52,11.31,3.165,8.982,False,,,,,,,,,,,,,,,
3.851,Weightlifting,Clean & Jerk,Front View,Setup,Detected,90.34,112.83,152.76,157.75,138.24,149.19,90.33,69.89,168.56,178.52,8.13,3.165,8.982,False,,,,,,,,,,,,,,,
3.911,Weightlifting,Clean & Jerk,Front View,Setup,Detected,84.24,107.23,152.76,157.75,138.24,149.19,95.05,74.74,169.94,179.27,14.04,3.181,8.367,False,,,,,,,,,,,,,,,
3.975,Weightlifting,Clean & Jerk,Front View,Setup,Detected,82.23,106.66,150.73,156.17,135.66,146.13,94.79,73.74,171.1,178.15,12.99,3.181,8.367,False,,,,,,,,,,,,,,,
4.04,Weightlifting,Clean & Jerk,Front View,Setup,Detected,87.31,106.66,150.48,156.17,134.74,146.13,89.6,74.13,171.65,177.76,8.13,3.198,8.037,False,,,,,,,,,,,,,,,
4.103,Weightlifting,Clean & Jerk,Front View,Setup,Detected,77.73,110.05,147.8,158.21,135.47,146.96,97.82,73.11,171.25,176.6,18.43,3.198,8.037,False,,,,,,,,,,,,,,,
4.163,Weightlifting,Clean & Jerk,Front View,Setup,Detected,74.23,106.26,147.8,156.67,135.47,147.03,101.73,75.29,169.47,176.6,15.26,3.148,8.144,False,,,,,,,,,,,,,,,
4.234,Weightlifting,Clean & Jerk,Front View,Setup,Detected,75.32,107.23,148.89,157.75,135.47,143.24,100.47,75.88,170.73,177.35,21.8,3.165,8.144,False,,,,,,,,,,,,,,,
4.29,Weightlifting,Clean & Jerk,Front View,Setup,Detected,75.32,103.8,148.89,158.64,135.47,147.03,100.47,79.32,170.94,177.35,23.96,3.198,8.367,False,,,,,,,,,,,,,,,
4.355,Weightlifting,Clean & Jerk,Front View,Setup,Detected,86.86,100.45,149.27,158.92,137.15,145.29,91.97,83.01,169.52,177.71,0.0,3.181,8.367,False,,,,,,,,,,,,,,,
4.415,Weightlifting,Clean & Jerk,Front View,Setup,Detected,88.86,96.51,149.71,158.92,135.62,145.29,91.14,86.2,168.8,179.24,6.34,3.101,8.367,False,,,,,,,,,,,,,,,
4.478,Weightlifting,Clean & Jerk,Front View,Setup,Detected,100.55,99.28,151.33,156.93,134.34,144.46,80.41,81.87,168.56,179.63,9.46,3.101,8.367,False,,,,,,,,,,,,,,,
4.54,Weightlifting,Clean & Jerk,Front View,Setup,Detected,100.55,99.28,151.33,156.93,134.34,144.46,80.41,83.01,168.56,176.21,9.46,3.132,8.254,False,,,,,,,,,,,,,,,
4.602,Weightlifting,Clean & Jerk,Front View,Setup,Detected,74.83,89.04,152.17,156.06,130.55,143.16,104.04,90.96,172.61,179.59,0.0,3.148,8.254,False,,,,,,,,,,,,,,,
4.665,Weightlifting,Clean & Jerk,Front View,Setup,Detected,70.43,89.04,152.17,156.06,130.55,143.16,106.31,90.96,176.07,179.59,14.04,3.165,8.483,False,,,,,,,,,,,,,,,
4.729,Weightlifting,Clean & Jerk,Front View,Setup,Detected,69.3,87.12,151.3,153.4,132.9,141.38,108.03,90.96,174.06,179.59,0.0,3.148,8.483,False,,,,,,,,,,,,,,,
4.791,Weightlifting,Clean & Jerk,Front View,Setup,Detected,68.63,83.42,150.5,153.81,132.78,138.88,106.46,95.07,175.63,179.59,18.43,3.198,8.603,False,,,,,,,,,,,,,,,
4.853,Weightlifting,Clean & Jerk,Front View,Setup,Detected,78.09,83.42,150.5,153.81,132.78,136.52,98.97,95.07,173.66,179.59,11.31,3.198,8.603,False,,,,,,,,,,,,,,,
4.915,Weightlifting,Clean & Jerk,Front View,Setup,Detected,87.06,83.42,150.62,153.81,131.08,136.52,89.63,95.07,173.76,179.59,8.13,3.132,8.144,False,,,,,,,,,,,,,,,
4.978,Weightlifting,Clean & Jerk,Front View,Setup,Detected,82.67,83.42,150.62,153.81,131.08,138.88,94.4,95.44,173.39,178.85,9.46,3.132,8.144,False,,,,,,,,,,,,,,,
5.04,Weightlifting,Clean & Jerk,Front View,Setup,Detected,76.73,87.53,149.98,153.81,131.08,141.38,99.69,90.96,174.66,179.22,0.0,3.132,8.144,False,,,,,,,,,,,,,,,
5.102,Weightlifting,Clean & Jerk,Front View,Setup,Detected,75.69,87.53,148.07,153.81,130.2,141.38,98.54,90.96,175.52,179.22,0.0,3.132,8.144,False,,,,,,,,,,,,,,,
5.165,Weightlifting,Clean & Jerk,Front View,Setup,Detected,74.67,87.53,146.02,153.81,131.0,144.03,98.54,90.96,175.52,179.22,0.0,3.165,8.254,False,,,,,,,,,,,,,,,
5.227,Weightlifting,Clean & Jerk,Front View,Setup,Detected,54.28,83.82,146.47,154.11,129.18,143.93,119.69,94.71,175.5,179.95,90.0,3.165,8.254,False,,,,,,,,,,,,,,,
5.291,Weightlifting,Clean & Jerk,Front View,Setup,Detected,52.87,82.71,148.63,152.18,129.92,143.1,120.31,94.71,178.97,179.95,116.57,3.198,8.367,False,,,,,,,,,,,,,,,
5.354,Weightlifting,Clean & Jerk,Front View,Setup,Detected,56.49,91.46,148.63,153.81,129.92,146.82,116.33,86.66,179.33,179.58,45.0,3.198,8.367,False,,,,,,,,,,,,,,,
5.415,Weightlifting,Clean & Jerk,Front View,Setup,Detected,61.21,95.2,150.55,153.81,130.83,146.82,113.54,82.93,177.15,179.23,26.57,3.165,8.254,False,,,,,,,,,,,,,,,
5.477,Weightlifting,Clean & Jerk,Front View,Setup,Detected,65.3,87.92,152.37,154.11,126.87,150.91,113.23,89.82,175.06,178.87,33.69,3.165,8.254,False,,,,,,,,,,,,,,,
5.541,Weightlifting,Clean & Jerk,Front View,Setup,Detected,70.11,88.86,152.11,153.81,125.15,153.95,107.65,89.63,175.15,180.0,14.04,3.198,8.144,False,,,,,,,,,,,,,,,
5.603,Weightlifting,Clean & Jerk,Front View,Setup,Detected,64.68,88.86,151.44,153.91,127.0,152.92,111.22,89.63,177.58,180.0,0.0,3.215,8.144,False,,,,,,,,,,,,,,,
5.665,Weightlifting,Clean & Jerk,Front View,Setup,Detected,64.04,89.26,149.79,154.21,125.98,152.83,111.22,89.27,176.34,179.27,0.0,3.132,7.932,False,,,,,,,,,,,,,,,
5.728,Weightlifting,Clean & Jerk,Front View,Setup,Detected,59.14,85.24,150.42,154.49,129.79,152.73,117.5,94.02,175.89,179.63,45.0,3.132,7.932,False,,,,,,,,,,,,,,,
5.789,Weightlifting,Clean & Jerk,Front View,Setup,Detected,55.01,80.66,149.88,154.49,133.43,152.73,120.74,98.97,176.39,180.0,180.0,3.215,8.367,False,,,,,,,,,,,,,,,
5.85,Weightlifting,Clean & Jerk,Front View,Setup,Detected,87.73,92.64,148.59,153.31,133.43,152.73,86.84,85.82,175.98,180.0,6.34,3.198,8.367,False,,,,,,,,,,,,,,,
5.912,Weightlifting,Clean & Jerk,Front View,Setup,Detected,95.9,99.85,148.12,152.88,133.43,149.66,77.85,77.8,176.34,179.63,4.4,3.148,8.254,False,,,,,,,,,,,,,,,
5.976,Weightlifting,Clean & Jerk,Front View,Setup,Detected,91.11,80.66,150.29,154.49,136.6,149.66,84.66,98.6,177.58,179.24,18.43,3.148,8.254,False,,,,,,,,,,,,,,,
6.035,Weightlifting,Clean & Jerk,Front View,Setup,Detected,86.42,78.86,150.56,153.4,139.87,149.66,90.95,99.31,175.44,179.24,30.96,3.198,8.603,False,,,,,,,,,,,,,,,
6.096,Weightlifting,Clean & Jerk,Front View,Setup,Detected,90.43,78.86,148.57,153.31,133.55,149.56,85.48,99.31,175.81,179.24,26.57,3.198,8.603,False,,,,,,,,,,,,,,,
6.159,Weightlifting,Clean & Jerk,Front View,Setup,Detected,92.16,78.46,148.45,153.01,128.82,149.66,84.47,99.31,174.66,179.24,33.69,3.181,8.852,False,,,,,,,,,,,,,,,
6.22,Weightlifting,Clean & Jerk,Front View,Setup,Detected,53.79,78.86,150.16,153.31,131.65,146.63,123.26,99.31,173.82,179.24,116.57,3.198,8.852,False,,,,,,,,,,,,,,,
6.283,Weightlifting,Clean & Jerk,Front View,Setup,Detected,47.77,77.79,149.79,151.39,131.51,144.28,126.79,99.31,175.81,179.24,180.0,3.148,8.982,False,,,,,,,,,,,,,,,
6.344,Weightlifting,Clean & Jerk,Front View,Setup,Detected,69.04,77.79,150.02,151.39,133.11,144.28,106.82,98.95,174.74,178.88,45.0,3.148,8.982,False,,,,,,,,,,,,,,,
6.409,Weightlifting,Clean & Jerk,Front View,Setup,Detected,83.88,77.79,149.61,151.39,133.11,144.28,90.86,98.95,175.45,178.88,21.8,3.215,8.483,False,,,,,,,,,,,,,,,
6.471,Weightlifting,Clean & Jerk,Front View,Setup,Detected,68.63,78.24,149.61,153.2,131.51,146.52,106.31,98.46,175.25,177.76,45.0,3.215,8.483,False,,,,,,,,,,,,,,,
6.533,Weightlifting,Clean & Jerk,Front View,Setup,Detected,68.63,77.85,149.47,152.91,131.37,146.63,106.7,98.46,174.86,177.76,45.0,3.165,8.254,False,,,,,,,,,,,,,,,
6.596,Weightlifting,Clean & Jerk,Front View,Setup,Detected,82.67,77.85,149.47,152.91,131.37,146.63,91.22,98.46,176.57,177.76,21.8,3.198,8.254,False,,,,,,,,,,,,,,,
6.66,Weightlifting,Clean & Jerk,Front View,Setup,Detected,88.61,77.85,148.57,152.91,128.52,146.63,84.95,98.46,178.16,177.76,26.57,3.198,8.726,False,,,,,,,,,,,,,,,
6.721,Weightlifting,Clean & Jerk,Front View,Setup,Detected,92.64,84.82,148.89,152.07,132.82,146.63,80.49,90.64,178.16,177.76,18.43,3.181,8.726,False,,,,,,,,,,,,,,,
6.783,Weightlifting,Clean & Jerk,Front View,Setup,Detected,96.81,83.7,148.89,150.1,132.82,145.78,76.01,90.64,178.47,177.76,16.7,3.148,8.254,False,,,,,,,,,,,,,,,
6.845,Weightlifting,Clean & Jerk,Front View,Setup,Detected,104.82,90.48,146.26,149.52,130.29,147.03,68.27,83.39,174.63,177.76,15.95,3.148,8.254,False,,,,,,,,,,,,,,,
6.907,Weightlifting,Clean & Jerk,Front View,Setup,Detected,108.15,93.2,146.26,150.66,128.46,147.03,64.6,81.81,174.97,177.76,11.31,3.165,8.852,False,,,,,,,,,,,,,,,
6.97,Weightlifting,Clean & Jerk,Front View,Setup,Detected,108.15,89.91,146.26,151.22,128.46,145.78,64.27,85.55,175.56,177.76,12.09,3.165,8.852,False,,,,,,,,,,,,,,,
7.03,Weightlifting,Clean & Jerk,Front View,Setup,Detected,104.82,90.34,146.26,150.69,130.29,142.03,67.93,85.55,175.23,177.76,12.99,3.132,8.367,False,,,,,,,,,,,,,,,
7.095,Weightlifting,Clean & Jerk,Front View,Setup,Detected,107.79,87.53,145.38,152.66,130.93,145.67,64.95,89.82,175.23,179.28,18.43,3.132,8.367,False,,,,,,,,,,,,,,,
7.159,Weightlifting,Clean & Jerk,Front View,Setup,Detected,107.79,91.05,145.38,152.25,130.93,145.67,64.95,87.02,175.23,178.76,17.1,3.116,8.603,False,,,,,,,,,,,,,,,
7.22,Weightlifting,Clean & Jerk,Front View,Setup,Detected,81.42,84.82,145.38,151.22,130.93,145.78,90.69,90.98,177.15,178.89,23.2,3.116,8.603,False,,,,,,,,,,,,,,,
7.283,Weightlifting,Clean & Jerk,Front View,Setup,Detected,66.64,84.82,145.86,151.22,130.93,145.78,106.7,90.98,176.39,178.89,36.87,3.132,8.254,False,,,,,,,,,,,,,,,
7.344,Weightlifting,Clean & Jerk,Front View,Setup,Detected,82.86,85.25,145.38,151.54,130.93,145.67,90.5,90.98,175.89,179.28,29.74,3.132,8.254,False,,,,,,,,,,,,,,,
7.408,Weightlifting,Clean & Jerk,Front View,Setup,Detected,72.95,81.4,147.85,151.54,131.81,145.67,101.12,96.34,176.78,178.03,36.87,3.165,8.254,False,,,,,,,,,,,,,,,
7.47,Weightlifting,Clean & Jerk,Front View,Setup,Detected,89.09,85.25,147.38,151.54,130.29,161.62,85.02,92.12,175.0,178.4,26.57,3.165,8.254,False,,,,,,,,,,,,,,,
7.535,Weightlifting,Clean & Jerk,Front View,Setup,Detected,93.85,85.25,147.38,151.54,132.22,164.64,79.89,92.12,175.36,178.4,23.96,3.132,8.852,False,,,,,,,,,,,,,,,
7.597,Weightlifting,Clean & Jerk,Front View,Setup,Detected,100.98,87.31,147.38,151.11,132.22,165.11,73.59,88.49,174.54,179.28,28.61,3.116,8.852,False,,,,,,,,,,,,,,,
7.661,Weightlifting,Clean & Jerk,Front View,Setup,Detected,77.11,83.81,147.05,151.11,135.87,154.88,96.01,92.0,175.25,178.89,33.69,3.215,8.037,False,,,,,,,,,,,,,,,
7.722,Weightlifting,Clean & Jerk,Front View,Setup,Detected,73.8,93.45,145.15,150.55,133.71,152.68,98.45,81.57,173.34,178.55,12.53,3.198,8.037,False,,,,,,,,,,,,,,,
7.783,Weightlifting,Clean & Jerk,Front View,Setup,Detected,67.78,93.45,144.07,150.55,131.81,152.68,102.5,81.57,173.99,178.55,0.0,3.116,8.367,False,,,,,,,,,,,,,,,
7.845,Weightlifting,Clean & Jerk,Front View,Setup,Detected,71.57,94.61,143.91,152.47,131.65,172.87,98.72,81.91,174.23,179.89,0.0,3.116,8.367,False,,,,,,,,,,,,,,,
7.909,Weightlifting,Clean & Jerk,Front View,Setup,Detected,74.74,93.22,143.37,152.47,131.65,179.22,96.28,82.15,172.95,178.96,5.71,3.116,8.726,False,,,,,,,,,,,,,,,
7.969,Weightlifting,Clean & Jerk,Front View,Setup,Detected,78.93,100.11,143.94,152.02,135.56,146.31,92.17,75.96,173.2,179.53,0.0,3.132,8.726,False,,,,,,,,,,,,,,,
8.034,Weightlifting,Clean & Jerk,Front View,Setup,Detected,109.03,100.81,143.96,148.29,135.56,140.57,63.82,72.08,171.26,179.87,12.8,3.085,8.726,False,,,,,,,,,,,,,,,
8.094,Weightlifting,Clean & Jerk,Front View,Setup,Detected,94.88,101.31,140.24,148.8,134.67,139.09,72.77,72.08,175.1,179.87,2.73,3.085,8.726,False,,,,,,,,,,,,,,,
8.157,Weightlifting,Clean & Jerk,Front View,Setup,Detected,98.87,102.47,139.75,150.84,132.66,137.66,69.9,72.08,173.5,179.87,5.19,3.132,8.254,False,,,,,,,,,,,,,,,
8.218,Weightlifting,Clean & Jerk,Front View,Setup,Detected,103.42,102.94,139.75,151.19,134.67,135.36,67.18,72.42,171.67,179.53,7.43,3.132,8.254,False,,,,,,,,,,,,,,,
8.282,Weightlifting,Clean & Jerk,Front View,Setup,Detected,103.42,102.94,140.65,150.3,137.66,132.4,67.18,73.55,171.67,177.19,7.43,3.101,8.254,False,,,,,,,,,,,,,,,
8.345,Weightlifting,Clean & Jerk,Front View,Setup,Detected,104.66,106.62,138.7,148.94,136.02,133.58,65.56,69.4,171.0,177.19,4.57,3.101,8.254,False,,,,,,,,,,,,,,,
8.411,Weightlifting,Clean & Jerk,Front View,Setup,Detected,108.0,106.62,140.65,149.83,136.92,136.65,64.72,69.4,169.3,177.19,6.84,3.069,8.726,False,,,,,,,,,,,,,,,
8.47,Weightlifting,Clean & Jerk,Front View,Setup,Detected,100.34,113.2,139.88,150.07,138.02,136.65,71.57,63.06,169.76,177.19,2.29,3.069,8.726,False,,,,,,,,,,,,,,,
8.532,Weightlifting,Clean & Jerk,Front View,Setup,Detected,97.04,113.2,139.41,150.07,138.18,136.65,74.23,62.7,170.02,177.89,2.39,3.054,8.144,False,,,,,,,,,,,,,,,
8.595,Weightlifting,Clean & Jerk,Front View,Setup,Detected,97.67,113.2,140.04,150.07,136.92,136.65,75.32,62.35,167.65,176.68,4.57,3.054,8.144,False,,,,,,,,,,,,,,,
8.657,Weightlifting,Clean & Jerk,Front View,Setup,Detected,96.6,111.09,138.08,152.67,136.02,137.55,75.32,65.07,167.65,177.78,7.13,3.085,8.603,False,,,,,,,,,,,,,,,
8.719,Weightlifting,Clean & Jerk,Front View,Setup,Detected,95.64,111.35,141.08,150.96,137.96,135.36,77.35,64.2,166.36,176.68,4.57,3.085,8.603,False,,,,,,,,,,,,,,,
8.781,Weightlifting,Clean & Jerk,Front View,Setup,Detected,97.32,114.44,143.65,153.1,137.49,136.25,77.96,63.8,164.44,176.13,2.29,3.085,8.037,False,,,,,,,,,,,,,,,
8.844,Weightlifting,Clean & Jerk,Front View,Setup,Detected,97.32,112.11,143.52,152.72,140.78,138.54,77.96,64.2,164.44,177.9,4.57,3.085,8.037,False,,,,,,,,,,,,,,,
8.906,Weightlifting,Clean & Jerk,Front View,Setup,Detected,97.32,109.88,143.52,152.31,140.78,138.64,77.96,64.84,164.44,178.99,6.84,3.085,8.144,False,,,,,,,,,,,,,,,
8.969,Weightlifting,Clean & Jerk,Front View,Setup,Detected,84.02,112.93,142.93,151.88,140.78,136.54,86.4,63.8,168.71,176.13,9.87,3.085,8.144,False,,,,,,,,,,,,,,,
9.031,Weightlifting,Clean & Jerk,Front View,Setup,Detected,79.62,114.91,142.93,151.88,142.93,134.47,90.42,62.91,167.49,175.05,17.65,3.069,8.603,False,,,,,,,,,,,,,,,
9.093,Weightlifting,Clean & Jerk,Front View,Setup,Detected,78.84,112.93,142.93,151.88,142.93,134.47,89.94,62.35,168.89,177.58,14.62,3.069,8.603,False,,,,,,,,,,,,,,,
9.155,Weightlifting,Clean & Jerk,Front View,Setup,Detected,78.84,111.2,142.93,151.88,142.93,134.47,90.35,63.0,168.34,178.67,12.26,2.98,8.144,False,,,,,,,,,,,,,,,
9.22,Weightlifting,Clean & Jerk,Front View,Setup,Detected,86.98,111.72,142.47,153.19,139.73,137.32,85.65,63.0,167.09,178.67,0.0,2.98,8.144,False,,,,,,,,,,,,,,,
9.28,Weightlifting,Clean & Jerk,Front View,Setup,Detected,90.07,110.43,140.49,151.02,138.81,136.45,81.05,61.89,168.84,179.04,2.29,3.069,8.367,False,,,,,,,,,,,,,,,
9.343,Weightlifting,Clean & Jerk,Front View,Setup,Detected,84.13,113.8,141.23,151.02,138.98,136.45,83.99,58.22,172.22,179.08,4.4,3.069,8.367,False,,,,,,,,,,,,,,,
9.406,Weightlifting,Clean & Jerk,Front View,Setup,Detected,84.16,114.33,143.19,151.55,139.87,136.45,84.14,58.22,171.65,179.4,6.58,3.069,8.603,False,,,,,,,,,,,,,,,
9.467,Weightlifting,Clean & Jerk,Front View,Setup,Detected,80.79,113.8,143.33,151.97,140.02,139.59,86.24,58.22,173.09,179.08,9.09,3.085,8.603,False,,,,,,,,,,,,,,,
9.53,Weightlifting,Clean & Jerk,Front View,Setup,Detected,82.72,113.8,144.42,151.97,140.02,139.59,85.39,58.22,173.09,179.08,6.84,3.069,8.483,False,,,,,,,,,,,,,,,
9.593,Weightlifting,Clean & Jerk,Front View,Setup,Detected,88.64,112.69,145.3,153.36,143.06,142.76,82.08,59.86,170.85,179.08,0.0,3.054,8.483,False,,,,,,,,,,,,,,,
9.656,Weightlifting,Clean & Jerk,Front View,Setup,Detected,90.0,112.69,145.3,153.36,144.11,142.76,80.72,59.86,171.96,179.08,2.29,3.054,8.254,False,,,,,,,,,,,,,,,
9.716,Weightlifting,Clean & Jerk,Front View,Setup,Detected,86.35,112.17,146.73,153.75,145.0,146.12,82.87,58.76,173.99,176.48,0.0,3.054,8.254,False,,,,,,,,,,,,,,,
9.778,Weightlifting,Clean & Jerk,Front View,Setup,Detected,85.22,109.16,146.73,151.63,145.0,149.17,81.55,60.5,177.73,176.48,2.49,3.039,8.144,False,,,,,,,,,,,,,,,
9.843,Weightlifting,Clean & Jerk,Front View,Setup,Detected,82.97,107.87,148.48,153.03,144.89,152.62,84.09,61.48,178.01,174.85,2.73,3.054,8.144,False,,,,,,,,,,,,,,,
9.906,Weightlifting,Clean & Jerk,Front View,Setup,Detected,97.87,103.65,149.86,152.41,150.5,151.43,72.42,64.78,176.67,175.37,9.87,3.132,8.037,False,,,,,,,,,,,,,,,
9.97,Weightlifting,Clean & Jerk,Front View,Setup,Detected,90.76,105.35,153.28,154.92,154.68,152.24,76.88,63.66,179.7,173.47,0.0,3.132,8.037,False,,,,,,,,,,,,,,,
10.03,Weightlifting,Clean & Jerk,Front View,Setup,Detected,85.72,105.3,154.64,156.72,158.07,153.09,82.64,66.89,179.47,175.7,6.34,3.148,8.603,False,,,,,,,,,,,,,,,
10.094,Weightlifting,Clean & Jerk,Front View,Setup,Detected,89.55,97.38,155.15,158.45,157.17,152.58,81.37,77.39,178.65,177.76,0.0,3.148,8.603,False,,,,,,,,,,,,,,,
10.157,Weightlifting,Clean & Jerk,Front View,Setup,Detected,93.65,90.0,156.27,156.51,154.56,151.75,79.55,82.82,177.5,176.92,9.46,3.085,8.852,False,,,,,,,,,,,,,,,
10.219,Weightlifting,Clean & Jerk,Front View,Setup,Detected,103.71,92.77,158.28,156.09,156.46,154.71,71.46,79.6,176.41,176.56,11.31,3.069,8.852,False,,,,,,,,,,,,,,,
10.281,Weightlifting,Clean & Jerk,Front View,Setup,Detected,104.87,91.38,160.31,156.09,157.33,155.96,72.57,80.11,174.04,176.04,14.93,3.069,8.483,False,,,,,,,,,,,,,,,
10.343,Weightlifting,Clean & Jerk,Front View,Setup,Detected,101.1,85.98,163.67,156.97,157.33,155.96,79.38,86.38,174.36,176.04,30.96,3.085,8.483,False,,,,,,,,,,,,,,,
10.406,Weightlifting,Clean & Jerk,Front View,Setup,Detected,101.1,83.08,163.67,157.38,158.28,158.9,79.08,89.41,174.9,175.39,33.69,2.994,8.254,False,,,,,,,,,,,,,,,
10.469,Weightlifting,Clean & Jerk,Front View,Setup,Detected,80.07,77.96,162.62,158.17,155.07,155.96,100.23,96.49,174.59,175.44,53.13,2.994,8.254,False,,,,,,,,,,,,,,,
10.529,Weightlifting,Clean & Jerk,Front View,Setup,Detected,80.36,74.29,162.91,159.37,155.07,157.92,100.23,100.54,174.36,174.34,63.43,3.116,8.726,False,,,,,,,,,,,,,,,
10.592,Weightlifting,Clean & Jerk,Front View,Setup,Detected,83.28,79.0,161.27,160.87,149.48,157.62,96.72,97.65,172.23,176.6,36.87,3.116,8.726,False,,,,,,,,,,,,,,,
10.652,Weightlifting,Clean & Jerk,Front View,Setup,Detected,82.22,80.05,159.35,162.74,148.63,158.44,96.72,97.65,172.23,176.6,36.87,3.085,8.603,False,,,,,,,,,,,,,,,
10.717,Weightlifting,Clean & Jerk,Front View,Setup,Detected,86.89,72.58,162.65,163.4,148.22,161.38,95.22,105.78,172.79,176.6,68.2,3.101,8.603,False,,,,,,,,,,,,,,,
10.779,Weightlifting,Clean & Jerk,Front View,Setup,Detected,89.46,72.9,163.72,163.72,150.53,163.46,93.71,105.15,172.79,175.58,71.57,3.039,9.116,False,,,,,,,,,,,,,,,
10.842,Weightlifting,Clean & Jerk,Front View,Setup,Detected,91.74,82.05,160.7,163.3,149.64,161.57,89.31,96.41,172.79,175.98,38.66,3.039,9.116,False,,,,,,,,,,,,,,,
10.904,Weightlifting,Clean & Jerk,Front View,Setup,Detected,88.95,85.97,159.65,162.98,149.64,161.57,91.05,92.16,172.79,175.98,26.57,3.039,8.144,False,,,,,,,,,,,,,,,
10.966,Weightlifting,Clean & Jerk,Front View,Setup,Detected,83.57,85.97,159.61,162.15,147.29,160.73,96.77,91.04,172.7,173.75,30.96,3.039,8.144,False,,,,,,,,,,,,,,,
11.029,Weightlifting,Clean & Jerk,Front View,Setup,Detected,76.93,80.39,157.7,161.43,146.41,163.65,102.37,95.91,172.96,173.75,53.13,3.085,8.852,False,,,,,,,,,,,,,,,
11.092,Weightlifting,Clean & Jerk,Front View,Setup,Detected,76.93,79.35,157.7,159.56,145.05,157.09,102.37,95.91,174.3,173.75,53.13,3.085,8.852,False,,,,,,,,,,,,,,,
11.155,Weightlifting,Clean & Jerk,Front View,Setup,Detected,76.93,80.66,157.7,160.28,145.05,154.4,102.37,95.29,174.3,173.75,45.0,3.024,8.483,False,,,,,,,,,,,,,,,
11.218,Weightlifting,Clean & Jerk,Front View,Setup,Detected,69.57,82.44,155.17,161.32,141.91,153.14,108.08,94.57,174.6,173.34,26.57,3.024,8.483,False,,,,,,,,,,,,,,,
11.279,Weightlifting,Clean & Jerk,Front View,Setup,Detected,73.39,81.38,153.87,159.43,144.24,152.31,102.89,94.57,174.3,173.34,18.43,3.039,8.254,False,,,,,,,,,,,,,,,
11.343,Weightlifting,Clean & Jerk,Front View,Setup,Detected,83.66,96.99,154.94,157.9,146.07,152.27,92.83,78.59,174.3,175.58,6.34,3.039,8.254,False,,,,,,,,,,,,,,,
11.405,Weightlifting,Clean & Jerk,Front View,Setup,Detected,85.38,107.99,152.62,160.28,145.2,153.11,89.65,70.23,174.3,177.83,4.76,3.101,8.144,False,,,,,,,,,,,,,,,
11.468,Weightlifting,Clean & Jerk,Front View,Setup,Detected,75.39,96.99,150.73,157.9,144.34,152.27,99.34,79.7,173.58,177.83,0.0,3.101,8.144,False,,,,,,,,,,,,,,,
11.53,Weightlifting,Clean & Jerk,Front View,Setup,Detected,70.69,93.44,150.73,158.29,144.34,149.58,104.04,83.64,173.88,177.83,0.0,3.024,8.982,False,,,,,,,,,,,,,,,
11.595,Weightlifting,Clean & Jerk,Front View,Setup,Detected,82.92,102.84,149.37,155.73,144.42,148.69,91.45,72.57,171.16,178.98,0.0,3.054,8.982,False,,,,,,,,,,,,,,,
11.656,Weightlifting,Clean & Jerk,Front View,Setup,Detected,82.92,102.84,149.29,155.73,145.75,148.69,91.45,72.57,171.16,178.98,0.0,3.085,8.254,False,,,,,,,,,,,,,,,
11.719,Weightlifting,Clean & Jerk,Front View,Setup,Detected,100.88,114.29,145.88,152.77,148.24,145.14,71.15,60.23,169.83,177.58,2.39,3.148,8.254,False,,,,,,,,,,,,,,,
11.781,Weightlifting,Clean & Jerk,Front View,Setup,Detected,101.5,112.15,146.43,155.98,149.38,146.07,72.21,64.99,167.23,178.08,2.6,3.198,8.254,False,,,,,,,,,,,,,,,
11.844,Weightlifting,Clean & Jerk,Front View,Setup,Detected,97.5,115.58,143.78,155.04,148.51,144.58,73.39,60.58,168.51,178.08,0.0,3.215,8.254,False,,,,,,,,,,,,,,,
11.906,Weightlifting,Clean & Jerk,Front View,Setup,Detected,93.51,110.05,141.8,153.75,148.76,144.58,76.68,65.18,167.88,177.72,2.6,3.249,8.483,False,,,,,,,,,,,,,,,
11.969,Weightlifting,Clean & Jerk,Front View,Setup,Detected,93.67,115.12,141.01,152.62,148.65,147.23,76.26,60.09,166.14,175.44,2.29,3.249,8.483,False,,,,,,,,,,,,,,,
12.034,Weightlifting,Clean & Jerk,Front View,Setup,Detected,94.47,116.94,137.43,152.57,144.55,147.17,73.21,58.27,166.76,175.44,2.12,3.215,7.359,False,,,,,,,,,,,,,,,
12.095,Weightlifting,Clean & Jerk,Front View,Setup,Detected,95.38,117.56,135.44,151.86,146.75,147.07,71.98,57.05,163.74,174.56,1.85,3.215,7.359,False,,,,,,,,,,,,,,,
12.158,Weightlifting,Clean & Jerk,Front View,Setup,Detected,92.66,119.14,136.65,151.45,150.07,147.96,71.7,54.17,167.06,174.56,6.71,3.266,4.926,False,,,,,,,,,,,,,,,
12.22,Weightlifting,Clean & Jerk,Front View,Setup,Detected,100.18,121.01,132.84,148.52,146.61,144.57,63.19,49.53,163.94,171.98,3.9,3.266,4.926,False,,,,,,,,,,,,,,,
12.283,Weightlifting,Clean & Jerk,Front View,Setup,Detected,108.19,114.88,138.02,142.42,147.18,140.33,58.67,52.09,163.94,170.89,1.25,3.249,3.941,False,,,,,,,,,,,,,,,
12.345,Weightlifting,Clean & Jerk,Front View,Setup,Detected,107.7,115.66,134.13,139.51,143.85,137.01,56.2,49.3,163.94,170.89,1.12,3.266,3.941,False,,,,,,,,,,,,,,,
12.406,Weightlifting,Clean & Jerk,Front View,Setup,Detected,113.49,113.27,135.22,136.94,143.71,141.09,52.7,49.2,163.0,169.72,2.12,3.32,3.375,False,,,,,,,,,,,,,,,
12.47,Weightlifting,Clean & Jerk,Front View,Setup,Detected,113.54,113.63,134.37,135.66,136.69,142.56,52.26,48.37,161.48,168.06,1.97,3.338,3.375,False,,,,,,,,,,,,,,,
12.53,Weightlifting,Clean & Jerk,Front View,Setup,Detected,110.32,113.12,131.15,134.38,133.18,143.96,52.14,48.76,161.48,165.76,0.94,3.375,3.32,False,,,,,,,,,,,,,,,
12.593,Weightlifting,Clean & Jerk,Front View,Setup,Detected,110.04,111.16,129.13,133.04,136.52,146.26,51.31,49.92,161.35,164.08,1.82,3.393,3.32,False,,,,,,,,,,,,,,,
12.655,Weightlifting,Clean & Jerk,Front View,Setup,Detected,109.65,111.82,127.06,132.11,139.41,145.33,51.58,49.87,158.97,162.38,1.76,3.356,3.101,False,,,,,,,,,,,,,,,
12.717,Weightlifting,Clean & Jerk,Front View,Setup,Detected,107.22,111.72,124.32,129.63,139.11,145.48,53.13,48.64,156.1,161.12,0.83,3.375,3.101,False,,,,,,,,,,,,,,,
12.777,Weightlifting,Clean & Jerk,Front View,Setup,Detected,108.43,110.32,125.38,126.33,141.33,139.9,53.13,48.64,157.43,161.12,0.83,3.393,3.069,False,,,,,,,,,,,,,,,
12.839,Weightlifting,Clean & Jerk,Front View,Setup,Detected,107.94,107.79,122.73,122.14,138.79,139.9,51.13,48.54,157.34,159.46,0.76,3.412,3.069,False,,,,,,,,,,,,,,,
12.903,Weightlifting,Clean & Jerk,Front View,Setup,Detected,103.38,106.77,119.2,120.76,135.32,138.56,51.84,48.55,157.25,158.83,0.0,3.451,3.116,False,,,,,,,,,,,,,,,
12.967,Weightlifting,Clean & Jerk,Front View,Setup,Detected,103.85,106.45,117.77,118.91,136.85,138.7,50.98,46.37,156.22,159.35,0.0,3.451,3.116,False,,,,,,,,,,,,,,,
13.026,Weightlifting,Clean & Jerk,Front View,Setup,Detected,102.92,105.55,116.29,117.01,136.85,138.56,49.91,45.0,156.74,159.95,0.0,3.451,3.249,False,,,,,,,,,,,,,,,
13.091,Weightlifting,Clean & Jerk,Front View,Setup,Detected,99.16,104.51,111.5,114.87,140.47,139.75,48.87,44.2,156.74,159.95,0.0,3.47,3.249,False,,,,,,,,,,,,,,,
13.155,Weightlifting,Clean & Jerk,Front View,Setup,Detected,97.06,106.34,108.01,114.72,140.47,139.6,47.48,42.91,156.66,159.52,0.63,3.531,3.284,False,,,,,,,,,,,,,,,
13.217,Weightlifting,Clean & Jerk,Front View,Setup,Detected,97.45,108.95,109.77,115.76,143.71,137.31,48.93,41.67,156.9,160.11,1.29,3.531,3.284,False,,,,,,,,,,,,,,,
13.277,Weightlifting,Clean & Jerk,Front View,Setup,Detected,96.55,110.72,107.95,117.35,140.47,139.58,48.93,41.67,156.79,160.11,1.29,3.431,3.165,False,,,,,,,,,,,,,,,
13.343,Weightlifting,Clean & Jerk,Front View,Setup,Detected,94.79,102.0,106.38,108.03,140.18,138.37,48.06,40.73,156.9,160.36,1.22,3.412,3.165,False,,,,,,,,,,,,,,,
13.403,Weightlifting,Clean & Jerk,Front View,Setup,Detected,94.79,102.0,106.38,107.86,140.18,139.75,48.06,40.73,156.9,160.36,1.22,3.49,3.284,False,,,,,,,,,,,,,,,
13.464,Weightlifting,Clean & Jerk,Front View,Setup,Detected,98.32,105.81,109.63,111.81,140.86,142.15,49.59,41.55,154.13,158.48,1.23,3.49,3.284,False,,,,,,,,,,,,,,,
13.527,Weightlifting,Clean & Jerk,Front View,Setup,Detected,100.0,106.41,111.16,111.63,140.71,144.67,49.04,40.49,154.76,158.94,1.21,3.451,3.215,False,,,,,,,,,,,,,,,
13.599,Weightlifting,Clean & Jerk,Front View,Setup,Detected,96.99,103.54,107.89,107.5,138.42,140.99,48.63,40.21,154.76,158.94,1.18,3.431,3.215,False,,,,,,,,,,,,,,,
13.669,Weightlifting,Clean & Jerk,Front View,Setup,Detected,95.6,103.54,106.1,107.5,138.42,135.98,48.23,40.21,154.85,158.94,1.17,3.451,3.116,False,,,,,,,,,,,,,,,
13.731,Weightlifting,Clean & Jerk,Front View,Setup,Detected,97.77,100.76,106.44,103.25,140.82,134.0,47.85,39.42,154.85,160.69,1.15,3.451,3.116,False,,,,,,,,,,,,,,,
13.794,Weightlifting,Clean & Jerk,Front View,Setup,Detected,96.34,98.7,104.65,101.61,140.82,132.89,48.04,39.33,154.3,161.8,1.13,3.451,3.116,False,,,,,,,,,,,,,,,
13.855,Weightlifting,Clean & Jerk,Front View,Setup,Detected,94.5,100.91,101.82,102.35,141.13,135.0,48.04,39.1,154.3,158.25,1.68,3.451,3.116,False,,,,,,,,,,,,,,,
13.915,Weightlifting,Clean & Jerk,Front View,Setup,Detected,94.5,100.66,101.82,102.35,141.13,137.44,48.04,39.34,154.3,158.34,1.7,3.412,3.181,False,,,,,,,,,,,,,,,
13.978,Weightlifting,Clean & Jerk,Front View,Setup,Detected,93.03,100.91,100.86,102.14,140.93,137.23,49.31,39.1,153.64,159.63,2.22,3.393,3.181,False,,,,,,,,,,,,,,,
14.04,Weightlifting,Clean & Jerk,Front View,Setup,Detected,91.55,98.07,99.01,98.07,140.93,133.8,48.95,38.86,153.64,159.63,2.18,3.375,3.054,False,,,,,,,,,,,,,,,
14.103,Weightlifting,Clean & Jerk,Front View,Setup,Detected,92.26,98.3,100.73,98.07,143.13,133.8,47.95,38.15,155.91,160.11,2.16,3.375,3.054,False,,,,,,,,,,,,,,,
14.166,Weightlifting,Clean & Jerk,Front View,Setup,Detected,90.66,96.33,97.78,95.88,139.88,133.8,47.05,37.93,156.58,160.11,2.12,3.338,3.101,False,,,,,,,,,,,,,,,
14.228,Weightlifting,Clean & Jerk,Front View,Setup,Detected,96.34,98.52,102.83,97.83,135.78,129.06,47.05,37.39,156.58,161.8,2.12,3.338,3.101,False,,,,,,,,,,,,,,,
14.29,Weightlifting,Clean & Jerk,Front View,Setup,Detected,98.13,100.65,104.39,99.72,135.55,126.75,47.05,36.81,156.58,162.38,2.12,3.266,3.116,False,,,,,,,,,,,,,,,
14.354,Weightlifting,Clean & Jerk,Front View,Setup,Detected,98.46,100.65,104.39,99.72,133.45,126.75,46.18,36.81,157.12,162.38,2.1,3.284,3.116,False,,,,,,,,,,,,,,,
14.416,Weightlifting,Clean & Jerk,Front View,Setup,Detected,94.38,96.55,99.17,94.64,133.98,125.99,45.86,35.52,157.12,164.7,2.06,3.302,3.116,False,,,,,,,,,,,,,,,
14.479,Weightlifting,Clean & Jerk,Front View,Setup,Detected,93.56,94.5,99.09,92.39,133.68,125.99,44.55,35.32,159.41,164.7,2.03,3.302,3.116,False,,,,,,,,,,,,,,,
14.545,Weightlifting,Clean & Jerk,Front View,Setup,Detected,93.56,95.22,99.09,94.11,133.68,126.99,44.04,35.78,161.2,164.08,2.03,3.302,3.116,False,,,,,,,,,,,,,,,
14.602,Weightlifting,Clean & Jerk,Front View,Setup,Detected,92.87,95.22,97.37,93.87,133.89,128.34,43.29,35.78,159.41,165.3,1.51,3.302,3.116,False,,,,,,,,,,,,,,,
14.662,Weightlifting,Clean & Jerk,Front View,Setup,Detected,91.16,96.41,96.61,96.2,137.23,130.38,42.51,35.82,160.07,166.4,1.01,3.249,3.132,False,,,,,,,,,,,,,,,
14.726,Weightlifting,Clean & Jerk,Front View,Setup,Detected,89.42,94.3,96.51,94.11,140.8,126.99,42.27,35.15,161.89,167.04,1.01,3.249,3.132,False,,,,,,,,,,,,,,,
14.792,Weightlifting,Clean & Jerk,Front View,Setup,Detected,90.04,95.03,98.13,97.78,141.8,129.01,41.24,34.96,164.45,168.15,0.5,3.284,3.085,False,,,,,,,,,,,,,,,
14.853,Weightlifting,Clean & Jerk,Front View,Setup,Detected,88.09,92.43,96.05,95.39,141.94,127.27,40.48,34.96,163.41,168.15,0.5,3.284,3.085,False,,,,,,,,,,,,,,,
14.914,Weightlifting,Clean & Jerk,Front View,Setup,Detected,89.63,94.79,96.63,97.98,141.94,127.27,40.01,35.2,162.75,168.15,0.0,3.266,3.085,False,,,,,,,,,,,,,,,
14.976,Weightlifting,Clean & Jerk,Front View,Setup,Detected,89.63,89.77,96.63,92.92,144.25,131.48,39.53,34.96,163.41,166.9,0.0,3.266,3.085,False,,,,,,,,,,,,,,,
15.04,Weightlifting,Clean & Jerk,Front View,Setup,Detected,91.93,89.77,98.8,92.92,144.11,131.48,39.53,34.96,163.41,166.9,0.0,3.266,3.101,False,,,,,,,,,,,,,,,
15.101,Weightlifting,Clean & Jerk,Front View,Setup,Detected,89.63,88.46,96.63,92.28,144.25,131.48,40.01,34.11,162.75,169.66,0.49,3.266,3.101,False,,,,,,,,,,,,,,,
15.162,Weightlifting,Clean & Jerk,Front View,Setup,Detected,90.58,88.46,96.63,92.28,144.25,131.48,40.09,34.5,161.89,169.08,0.99,3.302,3.116,False,,,,,,,,,,,,,,,
15.226,Weightlifting,Clean & Jerk,Front View,Setup,Detected,92.89,93.5,98.94,97.13,144.25,131.28,38.57,34.11,163.41,169.66,0.99,3.32,3.116,False,,,,,,,,,,,,,,,
15.288,Weightlifting,Clean & Jerk,Front View,Setup,Detected,92.89,93.5,98.94,97.13,144.25,133.47,38.57,34.5,163.59,169.08,0.99,3.249,3.165,False,,,,,,,,,,,,,,,
15.357,Weightlifting,Clean & Jerk,Front View,Setup,Detected,93.13,95.68,97.95,99.54,140.96,133.47,37.87,33.61,163.87,171.43,0.99,3.249,3.165,False,,,,,,,,,,,,,,,
15.419,Weightlifting,Clean & Jerk,Front View,Setup,Detected,93.13,96.87,97.95,101.5,139.6,134.48,37.87,32.99,163.87,171.81,0.98,3.249,3.101,False,,,,,,,,,,,,,,,
15.48,Weightlifting,Clean & Jerk,Front View,Setup,Detected,93.13,94.36,97.8,99.17,140.8,136.19,37.87,33.37,164.05,171.43,0.98,3.249,3.101,False,,,,,,,,,,,,,,,
15.544,Weightlifting,Clean & Jerk,Front View,Setup,Detected,92.89,94.36,97.95,99.17,140.96,138.45,37.09,33.76,166.41,170.84,0.99,3.266,3.148,False,,,,,,,,,,,,,,,
15.606,Weightlifting,Clean & Jerk,Front View,Setup,Detected,90.82,92.86,96.63,98.31,144.25,136.97,37.87,34.01,164.25,171.22,1.46,3.266,3.148,False,,,,,,,,,,,,,,,
15.668,Weightlifting,Clean & Jerk,Front View,Setup,Detected,90.82,92.86,96.63,98.13,144.25,136.01,37.87,33.63,164.25,171.81,1.46,3.284,3.148,False,,,,,,,,,,,,,,,
15.73,Weightlifting,Clean & Jerk,Front View,Setup,Detected,93.13,95.28,98.94,100.73,144.25,136.19,36.85,32.5,166.41,172.73,1.46,3.284,3.148,False,,,,,,,,,,,,,,,
15.794,Weightlifting,Clean & Jerk,Front View,Setup,Detected,95.14,96.16,101.19,101.72,145.45,140.8,37.09,32.76,166.41,171.6,0.98,3.266,3.085,False,,,,,,,,,,,,,,,
15.856,Weightlifting,Clean & Jerk,Front View,Setup,Detected,96.52,96.16,101.58,101.72,140.96,138.59,37.09,32.76,166.41,171.6,0.98,3.266,3.085,False,,,,,,,,,,,,,,,
15.92,Weightlifting,Clean & Jerk,Front View,Setup,Detected,96.52,98.5,101.58,103.91,138.75,138.43,36.05,32.76,168.77,171.6,0.98,3.32,3.101,False,,,,,,,,,,,,,,,
15.986,Weightlifting,Clean & Jerk,Front View,Setup,Detected,96.52,97.69,100.61,100.09,135.67,136.51,35.63,32.99,169.19,171.6,0.99,3.32,3.101,False,,,,,,,,,,,,,,,
16.048,Weightlifting,Clean & Jerk,Front View,Setup,Detected,98.34,97.69,102.67,100.09,135.67,136.51,35.88,32.63,169.19,172.17,1.0,3.266,3.181,False,,,,,,,,,,,,,,,
16.111,Weightlifting,Clean & Jerk,Front View,Setup,Detected,100.41,97.69,106.45,100.09,137.63,135.2,36.48,32.99,168.1,171.81,0.99,3.266,3.181,False,,,,,,,,,,,,,,,
16.174,Weightlifting,Clean & Jerk,Front View,Setup,Detected,100.41,96.44,106.45,100.06,139.74,136.41,36.93,33.37,167.65,171.22,0.99,3.32,3.165,False,,,,,,,,,,,,,,,
16.238,Weightlifting,Clean & Jerk,Front View,Setup,Detected,104.57,96.67,110.33,100.06,139.45,136.41,36.93,33.13,167.65,171.03,0.98,3.32,3.165,False,,,,,,,,,,,,,,,
16.297,Weightlifting,Clean & Jerk,Front View,Setup,Detected,104.57,97.55,110.33,101.94,141.66,137.42,36.93,33.13,167.89,171.03,0.98,3.338,3.181,False,,,,,,,,,,,,,,,
16.362,Weightlifting,Clean & Jerk,Front View,Setup,Detected,102.53,97.55,108.43,101.94,141.8,137.42,36.93,33.52,167.89,171.79,0.98,3.338,3.181,False,,,,,,,,,,,,,,,
16.422,Weightlifting,Clean & Jerk,Front View,Setup,Detected,99.46,96.38,104.53,101.72,140.96,138.59,36.48,32.91,168.6,172.18,0.97,3.284,3.148,False,,,,,,,,,,,,,,,
16.486,Weightlifting,Clean & Jerk,Front View,Setup,Detected,95.14,96.67,100.51,100.26,141.26,138.82,36.05,33.13,167.68,172.18,0.98,3.284,3.148,False,,,,,,,,,,,,,,,
16.547,Weightlifting,Clean & Jerk,Front View,Setup,Detected,95.14,95.86,100.51,98.25,141.26,138.88,35.63,33.13,168.33,172.18,0.98,3.338,3.181,False,,,,,,,,,,,,,,,
16.61,Weightlifting,Clean & Jerk,Front View,Setup,Detected,98.21,104.57,104.53,106.89,142.21,139.46,36.05,32.47,167.68,172.18,0.49,3.338,3.181,False,,,,,,,,,,,,,,,
16.676,Weightlifting,Clean & Jerk,Front View,Setup,Detected,100.41,104.57,106.59,106.89,143.34,137.31,36.05,32.47,167.45,172.18,0.49,3.32,3.148,False,,,,,,,,,,,,,,,
16.738,Weightlifting,Clean & Jerk,Front View,Setup,Detected,103.36,107.49,110.76,111.27,147.65,138.54,36.72,32.7,167.02,172.41,0.5,3.32,3.148,False,,,,,,,,,,,,,,,
16.796,Weightlifting,Clean & Jerk,Front View,Setup,Detected,105.21,110.49,112.86,115.53,147.65,141.73,35.91,32.94,169.41,172.41,0.51,3.284,3.132,False,,,,,,,,,,,,,,,
16.859,Weightlifting,Clean & Jerk,Front View,Setup,Detected,107.05,110.73,112.36,115.53,144.46,141.73,35.65,32.32,169.41,172.78,0.5,3.284,3.132,False,,,,,,,,,,,,,,,
16.924,Weightlifting,Clean & Jerk,Front View,Setup,Detected,107.72,110.73,111.88,115.53,141.06,145.07,35.65,32.32,169.41,172.78,0.5,3.338,3.198,False,,,,,,,,,,,,,,,
16.984,Weightlifting,Clean & Jerk,Front View,Setup,Detected,106.22,110.73,110.31,115.53,141.24,142.89,34.99,31.96,170.09,173.37,0.5,3.356,3.198,False,,,,,,,,,,,,,,,
17.045,Weightlifting,Clean & Jerk,Front View,Setup,Detected,106.22,108.52,110.31,114.23,141.24,142.89,34.99,32.87,170.35,173.37,1.0,3.356,3.181,False,,,,,,,,,,,,,,,
17.108,Weightlifting,Clean & Jerk,Front View,Setup,Detected,105.98,109.2,110.47,116.08,141.41,142.89,35.24,34.04,170.35,172.17,1.52,3.356,3.181,False,,,,,,,,,,,,,,,
17.171,Weightlifting,Clean & Jerk,Front View,Setup,Detected,107.47,110.97,112.22,117.84,141.41,145.07,35.49,33.69,170.35,172.51,1.53,3.302,3.132,False,,,,,,,,,,,,,,,
17.234,Weightlifting,Clean & Jerk,Front View,Setup,Detected,108.89,112.38,113.91,119.53,141.41,145.07,36.17,34.67,169.67,171.81,1.56,3.302,3.132,False,,,,,,,,,,,,,,,
17.297,Weightlifting,Clean & Jerk,Front View,Setup,Detected,111.29,113.99,115.04,121.31,141.41,144.14,34.91,34.67,169.67,171.81,2.06,3.32,3.198,False,,,,,,,,,,,,,,,
17.359,Weightlifting,Clean & Jerk,Front View,Setup,Detected,116.51,115.39,121.99,121.78,142.37,144.05,35.67,34.95,169.94,172.02,2.14,3.338,3.198,False,,,,,,,,,,,,,,,
17.42,Weightlifting,Clean & Jerk,Front View,Setup,Detected,116.78,115.39,121.99,121.78,142.37,146.31,35.41,35.32,169.67,171.43,2.12,3.302,3.165,False,,,,,,,,,,,,,,,
17.483,Weightlifting,Clean & Jerk,Front View,Setup,Detected,116.78,116.78,121.99,123.36,143.53,144.35,36.29,34.17,168.54,174.03,2.12,3.338,3.165,False,,,,,,,,,,,,,,,
17.546,Weightlifting,Clean & Jerk,Front View,Setup,Detected,117.03,117.0,121.99,124.47,145.72,145.52,36.03,33.89,168.54,173.79,2.08,3.232,3.232,False,,,,,,,,,,,,,,,
17.611,Weightlifting,Clean & Jerk,Front View,Setup,Detected,119.57,118.11,125.75,124.7,146.68,145.47,36.07,34.17,169.52,174.03,2.12,3.249,3.232,False,,,,,,,,,,,,,,,
17.674,Weightlifting,Clean & Jerk,Front View,Setup,Detected,119.57,119.45,126.01,127.04,143.59,145.36,35.16,34.17,169.66,174.03,2.12,3.266,3.232,False,,,,,,,,,,,,,,,
17.735,Weightlifting,Clean & Jerk,Front View,Setup,Detected,122.1,120.72,130.69,128.31,147.72,146.48,35.42,34.17,170.97,173.79,2.14,3.284,3.232,False,,,,,,,,,,,,,,,
17.797,Weightlifting,Clean & Jerk,Front View,Setup,Detected,123.43,121.54,132.02,127.18,145.48,145.47,35.42,34.38,170.7,171.22,1.61,3.451,3.215,False,,,,,,,,,,,,,,,
17.86,Weightlifting,Clean & Jerk,Front View,Setup,Detected,124.51,122.59,132.16,129.68,144.53,146.64,35.87,35.04,169.99,171.04,1.62,3.451,3.215,False,,,,,,,,,,,,,,,
17.922,Weightlifting,Clean & Jerk,Front View,Setup,Detected,124.78,122.87,132.16,129.68,144.53,146.64,35.61,34.38,169.74,171.65,1.59,3.356,3.215,False,,,,,,,,,,,,,,,
17.984,Weightlifting,Clean & Jerk,Front View,Setup,Detected,127.86,125.62,136.81,132.99,147.82,146.64,35.27,34.94,171.4,171.43,1.65,3.375,3.215,False,,,,,,,,,,,,,,,
18.046,Weightlifting,Clean & Jerk,Front View,Setup,Detected,128.61,126.63,137.85,134.16,147.82,145.68,35.55,34.56,171.4,171.81,1.67,3.47,3.232,False,,,,,,,,,,,,,,,
18.113,Weightlifting,Clean & Jerk,Front View,Setup,Detected,131.91,127.29,142.08,136.24,148.75,146.8,35.98,35.23,170.44,171.43,1.68,3.47,3.232,False,,,,,,,,,,,,,,,
18.173,Weightlifting,Clean & Jerk,Front View,Setup,Detected,132.47,128.61,142.08,138.53,149.85,147.77,35.42,34.86,170.19,172.02,1.65,3.375,3.249,False,,,,,,,,,,,,,,,
18.236,Weightlifting,Clean & Jerk,Front View,Setup,Detected,131.54,128.36,141.3,139.25,150.0,152.58,33.95,34.56,172.61,172.02,1.64,3.393,3.249,False,,,,,,,,,,,,,,,
18.299,Weightlifting,Clean & Jerk,Front View,Setup,Detected,130.83,125.26,140.33,136.81,150.0,152.58,33.27,34.53,173.3,174.21,2.14,3.375,3.249,False,,,,,,,,,,,,,,,
18.363,Weightlifting,Clean & Jerk,Front View,Setup,Detected,132.47,128.37,142.23,141.15,150.0,153.51,33.53,35.54,173.3,173.25,2.18,3.393,3.249,False,,,,,,,,,,,,,,,
18.425,Weightlifting,Clean & Jerk,Front View,Setup,Detected,133.08,128.37,143.11,141.15,150.0,156.02,34.98,35.91,171.15,172.87,2.2,3.266,3.266,False,,,,,,,,,,,,,,,
18.486,Weightlifting,Clean & Jerk,Front View,Setup,Detected,134.73,132.53,144.76,144.35,150.0,153.51,35.43,35.33,170.22,172.25,1.65,3.284,3.266,False,,,,,,,,,,,,,,,
18.559,Weightlifting,Clean & Jerk,Front View,Setup,Detected,133.92,133.66,144.03,146.71,150.07,155.39,35.89,35.23,169.75,172.87,1.67,3.284,3.266,False,,,,,,,,,,,,,,,
18.626,Weightlifting,Clean & Jerk,Front View,Setup,Detected,135.44,134.46,147.81,147.57,150.96,155.45,36.04,35.23,171.21,172.87,1.12,3.302,3.266,False,,,,,,,,,,,,,,,
18.688,Weightlifting,Clean & Jerk,Front View,Setup,Detected,135.84,138.04,148.53,150.44,148.78,157.87,35.91,34.92,172.17,171.79,0.57,3.375,3.266,False,,,,,,,,,,,,,,,
18.75,Weightlifting,Clean & Jerk,Front View,Setup,Detected,135.84,138.61,148.58,150.44,151.02,158.66,36.82,33.96,171.0,171.43,0.56,3.375,3.266,False,,,,,,,,,,,,,,,
18.814,Weightlifting,Clean & Jerk,Front View,Setup,Detected,134.75,139.27,148.58,151.11,151.02,158.66,36.21,33.96,172.97,171.43,0.0,3.32,3.32,False,,,,,,,,,,,,,,,
18.877,Weightlifting,Clean & Jerk,Front View,Setup,Detected,136.36,142.37,150.54,155.69,151.02,159.58,38.26,34.92,168.29,170.84,0.0,3.375,3.32,False,,,,,,,,,,,,,,,
18.941,Weightlifting,Clean & Jerk,Front View,Setup,Detected,138.75,142.13,152.08,155.16,150.85,159.58,37.12,35.46,168.75,169.81,0.0,3.412,3.302,False,,,,,,,,,,,,,,,
19.003,Weightlifting,Clean & Jerk,Front View,Setup,Detected,140.4,144.97,153.94,157.91,148.54,158.7,38.39,35.03,167.8,170.43,0.0,3.431,3.302,False,,,,,,,,,,,,,,,
19.064,Weightlifting,Clean & Jerk,Front View,Setup,Detected,141.5,144.54,154.32,157.53,148.48,158.75,37.74,35.03,167.43,170.43,0.0,3.375,3.338,False,,,,,,,,,,,,,,,
19.126,Weightlifting,Clean & Jerk,Front View,Setup,Detected,141.61,148.07,154.82,160.44,148.54,160.44,37.58,35.41,168.1,167.35,0.55,3.412,3.338,False,,,,,,,,,,,,,,,
19.192,Weightlifting,Clean & Jerk,Front View,Setup,Detected,141.81,148.07,155.34,160.44,150.57,160.44,37.71,35.85,166.11,166.73,0.54,3.32,3.32,False,,,,,,,,,,,,,,,
19.252,Weightlifting,Clean & Jerk,Front View,Setup,Detected,145.05,148.55,157.25,160.47,150.57,160.47,36.87,34.92,164.15,166.15,0.0,3.356,3.32,False,,,,,,,,,,,,,,,
19.315,Weightlifting,Clean & Jerk,Front View,Setup,Detected,145.43,148.55,157.64,159.53,152.91,157.2,37.9,34.92,161.74,166.31,0.0,3.302,3.302,False,,,,,,,,,,,,,,,
19.378,Weightlifting,Clean & Jerk,Front View,Setup,Detected,146.7,148.43,157.64,157.75,150.57,156.2,35.6,34.26,162.96,166.31,0.0,3.32,3.302,False,,,,,,,,,,,,,,,
19.44,Weightlifting,Clean & Jerk,Front View,Setup,Detected,146.2,148.64,154.88,157.69,149.68,156.14,35.45,34.5,161.74,165.86,0.48,3.375,3.266,False,,,,,,,,,,,,,,,
19.503,Weightlifting,Clean & Jerk,Front View,Setup,Detected,147.89,148.65,156.36,157.48,147.44,155.45,33.08,32.94,164.12,168.24,0.47,3.393,3.266,False,,,,,,,,,,,,,,,
19.567,Weightlifting,Clean & Jerk,Front View,Setup,Detected,147.89,149.44,156.42,159.28,145.34,156.46,33.08,32.94,164.12,168.24,0.47,3.338,3.356,False,,,,,,,,,,,,,,,
19.627,Weightlifting,Clean & Jerk,Front View,Setup,Detected,150.25,150.01,157.51,159.67,145.34,156.46,31.36,31.99,165.79,170.43,0.91,3.338,3.356,False,,,,,,,,,,,,,,,
19.69,Weightlifting,Clean & Jerk,Front View,Setup,Detected,150.46,151.2,159.57,161.75,148.46,157.36,30.67,31.99,168.45,170.65,0.45,3.338,3.266,False,,,,,,,,,,,,,,,
19.752,Weightlifting,Clean & Jerk,Front View,Setup,Detected,150.63,152.25,159.21,162.07,148.46,157.33,30.96,30.07,167.78,172.87,0.43,3.338,3.266,False,,,,,,,,,,,,,,,
19.813,Weightlifting,Clean & Jerk,Front View,Setup,Detected,150.06,151.32,157.51,161.5,147.5,157.24,30.37,30.13,168.36,173.28,0.84,3.284,3.375,False,,,,,,,,,,,,,,,
19.876,Weightlifting,Clean & Jerk,Front View,Setup,Detected,152.06,151.69,158.64,160.34,148.41,152.81,29.75,30.05,168.36,174.66,0.8,3.284,3.375,False,,,,,,,,,,,,,,,
19.939,Weightlifting,Clean & Jerk,Front View,Setup,Detected,153.61,152.75,159.12,160.65,146.17,151.69,30.0,30.51,167.18,173.44,0.8,3.338,3.412,False,,,,,,,,,,,,,,,
20.001,Weightlifting,Clean & Jerk,Front View,Setup,Detected,153.87,153.34,159.19,160.95,148.34,149.28,29.32,29.01,168.34,176.24,0.77,3.338,3.412,False,,,,,,,,,,,,,,,
20.064,Weightlifting,Clean & Jerk,Front View,Setup,Detected,154.99,153.76,161.18,161.18,149.34,149.23,29.62,28.87,169.28,176.58,0.76,3.338,3.51,False,,,,,,,,,,,,,,,
20.126,Weightlifting,Clean & Jerk,Front View,Setup,Detected,156.51,153.03,162.08,160.66,148.01,150.31,31.05,29.19,168.23,176.94,1.09,3.32,3.51,False,,,,,,,,,,,,,,,
20.188,Weightlifting,Clean & Jerk,Front View,Setup,Detected,156.99,153.83,162.5,160.34,145.8,145.7,31.05,29.19,168.23,176.94,1.09,3.338,3.451,False,,,,,,,,,,,,,,,
20.251,Weightlifting,Clean & Jerk,Front View,Setup,Detected,157.31,154.21,162.56,160.42,145.86,144.41,30.49,28.8,169.49,176.24,1.05,3.356,3.451,False,,,,,,,,,,,,,,,
20.314,Weightlifting,Clean & Jerk,Front View,Setup,Detected,157.41,155.13,162.56,162.38,144.54,147.82,29.87,28.8,167.3,175.27,1.05,3.302,3.356,False,,,,,,,,,,,,,,,
20.377,Weightlifting,Clean & Jerk,Front View,Setup,Detected,158.85,156.61,163.89,163.01,142.44,145.39,26.2,29.67,166.12,173.94,0.69,3.302,3.356,False,,,,,,,,,,,,,,,
20.441,Weightlifting,Clean & Jerk,Front View,Setup,Detected,158.17,157.17,163.89,162.78,142.44,145.39,22.94,29.65,169.7,173.18,0.0,3.338,3.356,False,,,,,,,,,,,,,,,
20.505,Weightlifting,Clean & Jerk,Front View,Setup,Detected,158.78,158.57,164.35,163.43,141.04,147.77,23.08,30.07,170.93,170.34,0.34,3.338,3.356,False,,,,,,,,,,,,,,,
20.568,Weightlifting,Clean & Jerk,Front View,Setup,Detected,159.74,159.44,166.26,165.35,142.08,148.82,24.35,30.07,168.06,170.64,0.34,3.375,3.356,False,,,,,,,,,,,,,,,
20.63,Weightlifting,Clean & Jerk,Front View,Setup,Detected,159.82,159.22,166.51,165.1,142.15,148.97,25.8,29.65,166.63,171.91,0.33,3.375,3.356,False,,,,,,,,,,,,,,,
20.695,Weightlifting,Clean & Jerk,Front View,Setup,Detected,159.82,159.74,166.54,166.84,142.19,148.6,28.05,29.84,163.19,172.23,0.34,3.32,3.302,False,,,,,,,,,,,,,,,
20.758,Weightlifting,Clean & Jerk,Front View,Jump Phase,Detected,160.94,160.3,168.57,167.22,143.19,148.6,30.14,30.37,158.46,169.57,0.33,3.32,3.302,False,,,,,,,,,,,,,,,
20.82,Weightlifting,Clean & Jerk,Front View,Jump Phase,Detected,160.94,160.21,168.57,167.23,144.65,148.61,29.63,31.65,160.26,167.08,0.33,3.302,3.32,False,,,,,,,,,,,,,,,
20.884,Weightlifting,Clean & Jerk,Front View,Jump Phase,Detected,161.14,161.36,168.6,169.22,144.68,150.95,31.6,33.83,155.37,163.27,0.33,3.302,3.32,False,,,,,,,,,,,,,,,
20.946,Weightlifting,Clean & Jerk,Front View,Catch Phase,Detected,161.04,161.28,168.6,169.05,144.68,150.95,31.7,33.74,156.8,163.49,0.33,3.284,3.32,False,,,,,,,,,,,,,,,
21.011,Weightlifting,Clean & Jerk,Front View,Catch Phase,Detected,162.04,162.09,170.54,170.81,145.62,156.91,37.39,35.03,148.18,162.07,0.33,3.284,3.32,False,,,,,,,,,,,,,,,
21.075,Weightlifting,Clean & Jerk,Front View,Catch Phase,Detected,162.82,162.89,170.68,170.96,145.62,156.91,40.59,35.6,141.09,160.85,0.33,3.338,3.356,False,,,,,,,,,,,,,,,
21.136,Weightlifting,Clean & Jerk,Front View,Catch Phase,Detected,163.72,163.96,172.62,172.96,148.59,158.88,43.03,38.99,137.7,156.62,0.34,3.338,3.356,False,,,,,,,,,,,,,,,
21.199,Weightlifting,Clean & Jerk,Front View,Catch Phase,Detected,163.5,164.62,173.34,172.94,155.14,158.85,42.24,40.32,138.58,156.24,0.67,3.51,3.572,False,,,,,,,,,,,,,,,
21.262,Weightlifting,Clean & Jerk,Front View,Catch Phase,Detected,163.74,164.92,174.4,173.32,158.3,157.46,46.79,43.28,135.48,153.6,0.68,3.451,3.572,False,,,,,,,,,,,,,,,
21.324,Weightlifting,Clean & Jerk,Front View,Catch Phase,Detected,163.64,164.88,175.19,173.41,162.46,157.43,46.89,44.62,135.33,152.43,0.69,3.614,3.68,False,,,,,,,,,,,,,,,
21.388,Weightlifting,Clean & Jerk,Front View,Catch Phase,Detected,163.87,165.9,175.41,174.4,162.46,159.33,49.99,49.93,132.07,144.57,1.02,3.593,3.68,False,,,,,,,,,,,,,,,
21.448,Weightlifting,Clean & Jerk,Front View,Catch Phase,Detected,163.87,165.9,176.24,174.43,165.71,158.12,51.02,49.93,132.57,144.79,1.02,3.657,3.724,False,,,,,,,,,,,,,,,
21.511,Weightlifting,Clean & Jerk,Front View,Squat Phase,Detected,164.65,165.66,178.49,174.12,161.27,155.92,52.05,54.21,131.04,140.51,1.01,3.657,3.724,False,,,,,,,,,,,,,,,
21.574,Weightlifting,Clean & Jerk,Front View,Squat Phase,Detected,164.74,165.59,178.59,174.9,159.15,155.62,54.21,57.63,128.88,135.72,1.02,3.702,3.614,False,,,,,,,,,,,,,,,
21.634,Weightlifting,Clean & Jerk,Front View,Squat Phase,Detected,164.06,165.73,177.21,175.0,153.79,155.72,57.43,60.91,120.82,132.3,1.0,3.702,3.614,False,,,,,,,,,,,,,,,
21.699,Weightlifting,Clean & Jerk,Front View,Squat Phase,Detected,164.06,165.1,177.29,173.63,153.19,154.92,57.43,61.86,120.82,129.97,1.01,3.593,3.572,False,,,,,,,,,,,,,,,
21.76,Weightlifting,Clean & Jerk,Front View,Squat Phase,Detected,161.76,164.02,174.93,171.82,144.71,151.94,59.5,66.76,121.27,122.37,1.37,3.593,3.572,False,,,,,,,,,,,,,,,
21.822,Weightlifting,Clean & Jerk,Front View,Squat Phase,Detected,162.18,164.63,175.38,171.79,145.41,151.92,61.97,66.9,116.79,121.62,1.38,3.451,3.249,False,,,,,,,,,,,,,,,
21.884,Weightlifting,Clean & Jerk,Front View,Squat Phase,Detected,162.08,163.82,175.45,170.17,145.75,147.15,64.21,71.7,111.12,115.35,1.39,3.451,3.249,False,,,,,,,,,,,,,,,
21.946,Weightlifting,Clean & Jerk,Front View,Squat Phase,Detected,161.3,163.12,173.89,168.69,146.22,143.13,64.21,73.19,112.8,113.89,1.4,3.572,3.47,False,,,,,,,,,,,,,,,
22.01,Weightlifting,Clean & Jerk,Front View,Squat Phase,Detected,160.52,162.23,172.21,166.89,139.7,140.5,63.82,74.58,109.89,115.32,1.39,3.572,3.47,False,,,,,,,,,,,,,,,
22.071,Weightlifting,Clean & Jerk,Front View,Squat Phase,Detected,159.68,162.23,170.43,166.89,137.53,140.5,64.54,76.07,106.76,114.41,1.38,3.68,3.68,False,,,,,,,,,,,,,,,
22.132,Weightlifting,Clean & Jerk,Front View,Squat Phase,Detected,158.63,160.59,168.47,164.23,138.04,139.6,66.91,75.94,102.78,119.45,1.36,3.68,3.68,False,,,,,,,,,,,,,,,
22.196,Weightlifting,Clean & Jerk,Front View,Squat Phase,Detected,158.63,160.45,168.3,164.0,136.74,139.58,65.47,75.87,102.25,121.53,1.33,3.77,3.593,False,,,,,,,,,,,,,,,
22.258,Weightlifting,Clean & Jerk,Front View,Squat Phase,Detected,157.61,159.37,167.32,163.01,136.76,134.9,63.07,75.94,66.88,130.0,1.34,3.702,3.593,False,,,,,,,,,,,,,,,
22.322,Weightlifting,Clean & Jerk,Front View,Squat Phase,Detected,156.89,159.21,166.53,162.79,135.39,133.26,62.98,75.87,53.31,148.1,1.32,3.593,3.51,False,,,,,,,,,,,,,,,
22.383,Weightlifting,Clean & Jerk,Front View,Squat Phase,Detected,155.7,157.45,165.23,160.88,134.04,128.6,60.58,74.27,113.15,149.58,1.3,3.51,3.51,False,,,,,,,,,,,,,,,
22.447,Weightlifting,Clean & Jerk,Front View,Squat Phase,Detected,155.94,157.19,166.39,161.51,136.29,131.11,60.9,73.08,126.87,139.46,1.3,3.451,3.47,False,,,,,,,,,,,,,,,
22.51,Weightlifting,Clean & Jerk,Front View,Squat Phase,Detected,153.34,156.03,162.17,160.41,134.48,134.12,59.02,73.14,114.51,148.43,1.32,3.431,3.47,False,,,,,,,,,,,,,,,
22.572,Weightlifting,Clean & Jerk,Front View,Squat Phase,Detected,153.06,156.25,161.9,159.78,135.9,133.21,58.77,66.57,147.95,121.52,1.33,3.593,3.593,False,,,,,,,,,,,,,,,
22.634,Weightlifting,Clean & Jerk,Front View,Squat Phase,Detected,147.82,152.61,155.42,153.4,134.1,128.98,52.17,63.43,152.1,137.55,1.65,3.551,3.593,False,,,,,,,,,,,,,,,
22.698,Weightlifting,Clean & Jerk,Front View,Squat Phase,Detected,144.62,149.9,148.55,148.95,129.2,125.84,44.16,59.66,62.32,105.37,1.63,3.702,3.636,False,,,,,,,,,,,,,,,
22.758,Weightlifting,Clean & Jerk,Front View,Squat Phase,Detected,140.79,148.37,143.02,145.02,125.15,123.98,36.61,52.04,27.26,79.66,2.34,3.68,3.636,False,,,,,,,,,,,,,,,
22.823,Weightlifting,Clean & Jerk,Front View,Squat Phase,Detected,141.11,147.49,140.65,143.32,123.11,123.11,35.26,52.0,26.57,78.25,2.02,3.531,3.551,False,,,,,,,,,,,,,,,
22.883,Weightlifting,Clean & Jerk,Front View,Squat Phase,Detected,138.4,143.76,136.87,139.29,120.79,123.55,29.25,42.63,24.5,52.25,1.69,3.572,3.551,False,,,,,,,,,,,,,,,
22.944,Weightlifting,Clean & Jerk,Front View,Squat Phase,Detected,137.15,143.02,134.93,137.61,118.43,121.04,30.44,44.55,25.36,33.73,1.7,3.356,3.451,False,,,,,,,,,,,,,,,
23.008,Weightlifting,Clean & Jerk,Front View,Squat Phase,Detected,133.25,141.16,130.91,134.38,118.98,121.7,29.44,35.58,24.65,34.79,2.44,3.356,3.451,False,,,,,,,,,,,,,,,
23.071,Weightlifting,Clean & Jerk,Front View,Squat Phase,Detected,133.08,140.4,129.63,134.38,117.88,121.7,29.44,34.38,26.27,38.86,2.11,3.356,3.47,False,,,,,,,,,,,,,,,
23.132,Weightlifting,Clean & Jerk,Front View,Squat Phase,Detected,132.37,137.82,126.31,131.0,117.1,120.83,25.94,27.25,24.52,34.78,1.78,3.356,3.47,False,,,,,,,,,,,,,,,
23.194,Weightlifting,Clean & Jerk,Front View,Squat Phase,Detected,132.25,136.95,126.31,129.13,117.1,121.4,26.43,23.37,24.89,34.45,1.8,3.393,3.412,False,,,,,,,,,,,,,,,
23.256,Weightlifting,Clean & Jerk,Front View,Squat Phase,Detected,132.29,135.48,126.89,126.64,118.92,120.3,26.17,25.51,24.13,32.18,1.82,3.375,3.412,False,,,,,,,,,,,,,,,
23.321,Weightlifting,Clean & Jerk,Front View,Squat Phase,Detected,131.58,136.02,126.54,127.69,117.77,123.92,26.66,26.49,24.89,34.98,1.85,3.393,3.47,False,,,,,,,,,,,,,,,
23.379,Weightlifting,Clean & Jerk,Front View,Squat Phase,Detected,130.25,133.89,124.03,123.48,116.59,120.21,26.66,25.22,25.94,35.68,1.85,3.393,3.47,False,,,,,,,,,,,,,,,
23.443,Weightlifting,Clean & Jerk,Front View,Squat Phase,Detected,130.34,133.89,124.34,123.21,118.86,121.41,27.6,25.22,29.29,36.15,1.48,3.47,3.51,False,,,,,,,,,,,,,,,
23.505,Weightlifting,Clean & Jerk,Front View,Squat Phase,Detected,128.93,131.94,123.05,120.27,118.86,119.02,29.08,28.48,32.11,39.48,1.48,3.51,3.51,False,,,,,,,,,,,,,,,
23.567,Weightlifting,Clean & Jerk,Front View,Squat Phase,Detected,127.54,131.94,120.72,119.97,117.92,118.73,30.93,29.05,33.96,40.06,1.48,3.393,3.451,False,,,,,,,,,,,,,,,
23.63,Weightlifting,Clean & Jerk,Front View,Squat Phase,Detected,126.14,128.42,118.6,116.26,117.99,117.81,35.39,31.03,37.97,40.39,0.74,3.412,3.451,False,,,,,,,,,,,,,,,
23.694,Weightlifting,Clean & Jerk,Front View,Squat Phase,Detected,126.07,126.99,116.96,113.91,117.06,116.89,36.85,33.88,40.67,42.13,0.37,3.375,3.531,False,,,,,,,,,,,,,,,
23.756,Weightlifting,Clean & Jerk,Front View,Squat Phase,Detected,124.07,124.8,113.56,110.82,115.85,115.99,38.27,36.33,42.27,45.0,0.37,3.393,3.531,False,,,,,,,,,,,,,,,
23.817,Weightlifting,Clean & Jerk,Front View,Squat Phase,Detected,123.39,124.02,112.78,110.05,114.58,115.99,39.56,38.78,41.81,46.23,0.36,3.375,3.531,False,,,,,,,,,,,,,,,
23.878,Weightlifting,Clean & Jerk,Front View,Squat Phase,Detected,123.39,123.22,112.48,109.25,115.55,115.99,41.37,39.76,43.89,48.11,0.36,3.375,3.531,False,,,,,,,,,,,,,,,
23.941,Weightlifting,Clean & Jerk,Front View,Squat Phase,Detected,123.39,121.83,112.48,106.89,115.48,115.1,41.37,41.19,44.17,48.27,0.36,3.412,3.49,False,,,,,,,,,,,,,,,
24.004,Weightlifting,Clean & Jerk,Front View,Squat Phase,Detected,121.84,122.48,111.02,106.53,115.48,114.75,48.31,45.42,50.17,53.6,0.73,3.431,3.49,False,,,,,,,,,,,,,,,
24.067,Weightlifting,Clean & Jerk,Front View,Squat Phase,Detected,122.48,122.48,111.02,106.53,115.41,114.75,50.27,45.42,54.91,53.6,0.37,3.412,3.49,False,,,,,,,,,,,,,,,
24.129,Weightlifting,Clean & Jerk,Front View,Squat Phase,Detected,122.48,121.65,109.9,105.34,115.1,114.38,53.72,49.46,55.72,52.03,0.0,3.412,3.49,False,,,,,,,,,,,,,,,
24.192,Weightlifting,Clean & Jerk,Front View,Squat Phase,Detected,121.65,119.38,108.12,102.47,115.62,115.49,55.49,48.06,58.06,51.36,0.0,3.531,3.51,False,,,,,,,,,,,,,,,
24.252,Weightlifting,Clean & Jerk,Front View,Squat Phase,Detected,119.93,119.31,106.4,102.1,115.62,115.11,61.48,58.55,66.51,60.46,0.0,3.572,3.51,False,,,,,,,,,,,,,,,
24.317,Weightlifting,Clean & Jerk,Front View,Squat Phase,Detected,119.05,118.36,105.52,101.22,115.62,113.48,65.79,66.19,70.82,68.79,0.0,3.531,3.551,False,,,,,,,,,,,,,,,
24.379,Weightlifting,Clean & Jerk,Front View,Squat Phase,Detected,119.71,116.38,104.23,99.78,115.79,113.85,76.76,75.23,86.19,75.15,0.38,3.572,3.551,False,,,,,,,,,,,,,,,
24.441,Weightlifting,Clean & Jerk,Front View,Squat Phase,Detected,117.94,114.88,102.4,97.77,114.33,110.25,75.69,100.85,86.82,98.85,0.37,3.572,3.47,False,,,,,,,,,,,,,,,
24.505,Weightlifting,Clean & Jerk,Front View,Jerk Phase,Detected,116.93,113.76,101.8,96.82,113.21,111.8,91.83,101.02,102.58,98.34,0.38,3.593,3.47,False,,,,,,,,,,,,,,,
24.566,Weightlifting,Clean & Jerk,Front View,Jerk Phase,Detected,116.7,114.13,99.91,96.41,110.89,111.8,100.8,100.24,104.47,98.85,0.38,3.451,3.551,False,,,,,,,,,,,,,,,
24.628,Weightlifting,Clean & Jerk,Front View,Jerk Phase,Detected,115.32,112.36,99.33,95.41,110.89,111.8,101.97,87.72,117.27,94.71,0.38,3.451,3.551,False,,,,,,,,,,,,,,,
24.689,Weightlifting,Clean & Jerk,Front View,Jerk Phase,Detected,115.32,112.36,98.96,95.04,111.99,113.06,101.97,87.72,117.27,94.0,0.38,3.77,3.49,False,,,,,,,,,,,,,,,
24.752,Weightlifting,Clean & Jerk,Front View,Jerk Phase,Detected,116.65,110.31,99.17,92.99,111.61,113.06,114.5,88.12,170.02,101.31,0.77,3.77,3.49,False,,,,,,,,,,,,,,,
24.814,Weightlifting,Clean & Jerk,Front View,Jerk Phase,Detected,116.07,108.49,97.25,91.94,110.27,114.61,111.62,88.9,152.1,100.3,1.15,3.818,3.51,False,,,,,,,,,,,,,,,
24.878,Weightlifting,Clean & Jerk,Front View,Jerk Phase,Detected,112.05,105.99,93.63,89.05,110.67,111.8,86.38,78.73,117.09,92.46,0.77,3.89,3.51,False,,,,,,,,,,,,,,,
24.939,Weightlifting,Clean & Jerk,Front View,Jerk Phase,Detected,112.05,105.99,93.23,89.05,110.27,111.8,85.77,81.51,114.94,95.24,0.77,3.747,3.51,False,,,,,,,,,,,,,,,
25.004,Weightlifting,Clean & Jerk,Front View,Jerk Phase,Detected,107.74,101.48,89.32,84.45,110.67,111.8,72.71,77.74,101.1,95.79,0.76,3.89,3.51,False,,,,,,,,,,,,,,,
25.066,Weightlifting,Clean & Jerk,Front View,Jerk Phase,Detected,106.61,100.35,88.19,83.71,109.34,111.43,77.81,87.47,105.31,107.1,1.15,3.941,3.51,False,,,,,,,,,,,,,,,
25.127,Weightlifting,Clean & Jerk,Front View,Jerk Phase,Detected,105.47,99.09,86.65,83.04,107.68,113.48,89.32,70.46,113.42,86.63,1.15,4.072,3.51,False,,,,,,,,,,,,,,,
25.189,Weightlifting,Clean & Jerk,Front View,Jerk Phase,Detected,106.6,99.09,87.08,83.04,109.06,113.48,98.58,70.46,118.73,87.66,1.55,3.724,3.51,False,,,,,,,,,,,,,,,
25.252,Weightlifting,Clean & Jerk,Front View,Jerk Phase,Detected,104.22,95.59,84.7,78.57,109.06,111.04,103.28,67.88,126.03,87.51,1.54,3.794,3.51,False,,,,,,,,,,,,,,,
25.313,Weightlifting,Clean & Jerk,Front View,Jerk Phase,Detected,102.25,95.5,83.89,78.95,106.63,109.88,109.83,74.65,134.31,99.63,1.16,3.551,3.49,False,,,,,,,,,,,,,,,
25.375,Weightlifting,Clean & Jerk,Front View,Jerk Phase,Detected,100.96,93.18,82.66,77.61,107.88,112.31,82.11,72.11,100.67,105.22,1.18,3.636,3.49,False,,,,,,,,,,,,,,,
25.436,Weightlifting,Clean & Jerk,Front View,Jerk Phase,Detected,102.12,93.08,83.89,77.98,107.88,112.67,94.7,72.21,116.57,101.24,1.19,3.412,3.47,False,,,,,,,,,,,,,,,
25.498,Weightlifting,Clean & Jerk,Front View,Jerk Phase,Detected,98.39,89.36,80.16,73.79,106.63,110.76,100.41,73.93,118.91,109.51,1.19,3.551,3.47,False,,,,,,,,,,,,,,,
25.56,Weightlifting,Clean & Jerk,Front View,Jerk Phase,Detected,98.33,89.36,80.16,73.79,106.63,112.31,89.05,73.93,109.31,109.51,1.19,3.49,3.47,False,,,,,,,,,,,,,,,
25.623,Weightlifting,Clean & Jerk,Front View,Jerk Phase,Detected,96.9,89.26,78.67,73.79,106.95,112.31,95.63,59.66,123.69,91.53,0.81,3.531,3.47,False,,,,,,,,,,,,,,,
25.687,Weightlifting,Clean & Jerk,Front View,Jerk Phase,Detected,96.98,89.16,78.67,74.15,106.95,111.12,89.21,59.76,117.35,89.84,0.81,3.49,3.431,False,,,,,,,,,,,,,,,
25.75,Weightlifting,Clean & Jerk,Front View,Jerk Phase,Detected,96.9,87.87,78.25,72.87,106.54,111.12,95.63,62.63,127.87,96.22,0.81,3.49,3.431,False,,,,,,,,,,,,,,,
25.813,Weightlifting,Clean & Jerk,Front View,Jerk Phase,Detected,95.76,87.06,77.04,72.87,106.54,111.12,101.89,61.26,137.53,91.79,1.21,3.412,3.431,False,,,,,,,,,,,,,,,
25.876,Weightlifting,Clean & Jerk,Front View,Jerk Phase,Detected,93.53,83.28,75.59,69.33,106.54,111.48,83.81,55.51,112.46,79.77,0.8,3.431,3.431,False,,,,,,,,,,,,,,,
25.939,Weightlifting,Clean & Jerk,Front View,Jerk Phase,Detected,92.31,81.98,74.38,68.03,106.54,111.48,90.0,58.21,117.35,82.47,0.8,3.302,3.338,False,,,,,,,,,,,,,,,
26.001,Weightlifting,Clean & Jerk,Front View,Jerk Phase,Detected,91.0,80.68,73.16,66.37,106.54,112.67,96.43,63.32,130.6,89.81,0.81,3.338,3.338,False,,,,,,,,,,,,,,,
26.063,Weightlifting,Clean & Jerk,Front View,Jerk Phase,Detected,91.0,80.57,73.16,66.37,107.86,112.67,102.77,71.57,147.68,99.69,0.81,3.431,3.356,False,,,,,,,,,,,,,,,
26.126,Weightlifting,Clean & Jerk,Front View,Jerk Phase,Detected,91.8,80.71,72.73,65.53,107.44,108.79,101.34,67.05,147.05,92.73,1.21,3.412,3.356,False,,,,,,,,,,,,,,,
26.188,Weightlifting,Clean & Jerk,Front View,Jerk Phase,Detected,91.8,81.98,72.73,67.31,107.44,110.76,95.63,67.05,135.0,92.73,1.21,3.393,3.32,False,,,,,,,,,,,,,,,
26.251,Weightlifting,Clean & Jerk,Front View,Jerk Phase,Detected,91.8,81.87,73.16,66.43,106.33,108.41,83.1,66.12,118.07,84.56,1.22,3.393,3.32,False,,,,,,,,,,,,,,,
26.314,Weightlifting,Clean & Jerk,Front View,Jerk Phase,Detected,91.8,81.87,73.16,66.43,106.33,108.41,83.1,63.62,118.07,80.84,1.22,3.393,3.302,False,,,,,,,,,,,,,,,
26.375,Weightlifting,Clean & Jerk,Front View,Jerk Phase,Detected,90.85,81.98,73.0,66.43,106.33,108.41,85.12,63.51,110.7,82.06,0.81,3.393,3.302,False,,,,,,,,,,,,,,,
26.438,Weightlifting,Clean & Jerk,Front View,Jerk Phase,Detected,89.73,81.98,71.8,67.31,105.01,110.76,90.63,63.51,119.83,82.06,0.8,3.284,3.232,False,,,,,,,,,,,,,,,
26.501,Weightlifting,Clean & Jerk,Front View,Jerk Phase,Detected,91.64,81.98,73.0,66.8,105.01,107.17,90.44,61.15,120.34,78.48,1.21,3.284,3.232,False,,,,,,,,,,,,,,,
26.562,Weightlifting,Clean & Jerk,Front View,Jerk Phase,Detected,91.64,81.98,73.0,66.8,105.01,105.79,90.44,61.15,114.55,77.36,1.21,3.32,3.302,False,,,,,,,,,,,,,,,
26.626,Weightlifting,Clean & Jerk,Front View,Jerk Phase,Detected,91.64,81.98,73.0,66.8,106.33,105.79,84.32,61.15,110.7,77.36,1.21,3.32,3.302,False,,,,,,,,,,,,,,,
26.688,Weightlifting,Clean & Jerk,Front View,Jerk Phase,Detected,91.64,81.98,73.0,67.67,106.33,109.49,84.32,58.92,110.7,74.1,1.21,3.431,3.302,False,,,,,,,,,,,,,,,
26.752,Weightlifting,Clean & Jerk,Front View,Jerk Phase,Detected,90.44,81.98,72.21,66.8,106.74,108.79,77.2,63.51,105.26,80.84,1.21,3.431,3.302,False,,,,,,,,,,,,,,,
26.813,Weightlifting,Clean & Jerk,Front View,Jerk Phase,Detected,90.57,83.37,73.27,67.7,107.67,108.41,77.2,63.4,109.44,82.06,1.2,3.431,3.302,False,,,,,,,,,,,,,,,
26.875,Weightlifting,Clean & Jerk,Front View,Jerk Phase,Detected,90.57,81.98,72.87,68.55,110.2,110.37,95.63,72.82,129.81,91.36,1.21,3.431,3.302,False,,,,,,,,,,,,,,,
26.935,Weightlifting,Clean & Jerk,Front View,Jerk Phase,Detected,90.57,81.41,72.87,68.41,110.2,111.6,100.39,75.97,133.42,94.21,0.81,3.47,3.356,False,,,,,,,,,,,,,,,
26.999,Weightlifting,Clean & Jerk,Front View,Jerk Phase,Detected,92.94,86.65,75.72,73.53,107.67,111.26,100.47,76.18,131.63,95.31,0.82,3.47,3.356,False,,,,,,,,,,,,,,,
27.064,Weightlifting,Clean & Jerk,Front View,Jerk Phase,Detected,94.07,87.9,76.93,74.88,107.67,111.26,105.26,76.29,133.15,95.31,0.84,3.47,3.393,False,,,,,,,,,,,,,,,
27.125,Weightlifting,Clean & Jerk,Front View,Jerk Phase,Detected,95.34,90.7,78.69,77.23,107.67,110.92,94.97,73.47,113.2,91.38,1.25,3.451,3.393,False,,,,,,,,,,,,,,,
27.187,Weightlifting,Clean & Jerk,Front View,Jerk Phase,Detected,95.41,90.8,78.69,77.23,108.99,110.92,90.14,69.43,105.79,89.86,1.23,3.47,3.393,False,,,,,,,,,,,,,,,
27.249,Weightlifting,Clean & Jerk,Front View,Jerk Phase,Detected,97.91,93.17,81.19,79.13,108.99,111.26,65.84,66.05,91.2,87.43,0.82,3.451,3.393,False,,,,,,,,,,,,,,,
27.31,Weightlifting,Clean & Jerk,Front View,Jerk Phase,Detected,99.89,93.61,82.42,80.48,108.99,111.26,69.7,68.07,90.33,90.0,1.66,3.451,3.431,False,,,,,,,,,,,,,,,
27.376,Weightlifting,Clean & Jerk,Front View,Jerk Phase,Detected,101.45,95.05,85.27,81.82,110.28,111.26,56.27,65.32,80.2,90.0,1.65,3.451,3.431,False,,,,,,,,,,,,,,,
27.438,Weightlifting,Clean & Jerk,Front View,Jerk Phase,Detected,101.51,95.05,85.27,80.93,108.97,108.92,60.4,67.97,87.92,94.33,1.64,3.51,3.431,False,,,,,,,,,,,,,,,
27.501,Weightlifting,Clean & Jerk,Front View,Jerk Phase,Detected,102.74,97.69,85.57,83.22,108.04,110.19,56.21,65.32,81.48,91.68,1.64,3.51,3.431,False,,,,,,,,,,,,,,,
27.564,Weightlifting,Clean & Jerk,Front View,Jerk Phase,Detected,101.56,98.59,84.7,83.22,108.39,110.19,56.15,63.52,84.13,87.56,1.21,3.49,3.451,False,,,,,,,,,,,,,,,
27.628,Weightlifting,Clean & Jerk,Front View,Jerk Phase,Detected,104.35,100.16,88.11,85.79,110.49,111.73,60.4,70.87,91.85,95.44,1.65,3.47,3.451,False,,,,,,,,,,,,,,,
27.69,Weightlifting,Clean & Jerk,Front View,Jerk Phase,Detected,104.29,101.31,89.38,87.05,113.08,111.73,65.09,76.98,94.64,103.13,1.67,3.47,3.47,False,,,,,,,,,,,,,,,
27.751,Weightlifting,Clean & Jerk,Front View,Jerk Phase,Detected,104.77,101.48,90.73,87.45,114.02,115.99,77.39,68.62,106.04,84.35,1.23,3.47,3.47,False,,,,,,,,,,,,,,,
27.811,Weightlifting,Clean & Jerk,Front View,Jerk Phase,Detected,106.01,100.78,91.66,87.45,116.57,115.99,70.12,65.22,99.73,81.19,1.62,3.572,3.49,False,,,,,,,,,,,,,,,
27.874,Weightlifting,Clean & Jerk,Front View,Jerk Phase,Detected,108.43,103.23,94.09,89.66,116.57,115.65,72.28,67.97,98.46,83.84,1.64,3.531,3.49,False,,,,,,,,,,,,,,,
27.937,Weightlifting,Clean & Jerk,Front View,Jerk Phase,Detected,108.49,104.48,94.09,90.9,116.57,115.65,72.23,65.32,103.19,82.22,1.62,3.551,3.531,False,,,,,,,,,,,,,,,
27.999,Weightlifting,Clean & Jerk,Front View,Jerk Phase,Detected,110.2,105.7,96.75,92.13,117.53,115.65,77.33,73.7,101.6,91.72,1.62,3.551,3.531,False,,,,,,,,,,,,,,,
28.062,Weightlifting,Clean & Jerk,Front View,Jerk Phase,Detected,110.26,105.8,96.75,91.77,116.13,116.76,72.17,69.15,94.76,87.39,1.6,3.593,3.49,False,,,,,,,,,,,,,,,
28.124,Weightlifting,Clean & Jerk,Front View,Jerk Phase,Detected,112.48,108.08,98.78,94.16,117.22,116.76,94.09,84.09,119.36,100.99,1.64,3.593,3.49,False,,,,,,,,,,,,,,,
28.184,Weightlifting,Clean & Jerk,Front View,Jerk Phase,Detected,111.32,107.39,97.93,94.16,118.86,116.76,88.89,82.49,112.7,92.13,2.03,3.614,3.47,False,,,,,,,,,,,,,,,
28.246,Weightlifting,Clean & Jerk,Front View,Jerk Phase,Detected,114.33,110.57,101.8,96.45,119.83,116.76,90.61,75.87,117.6,87.93,1.59,3.593,3.47,False,,,,,,,,,,,,,,,
28.307,Weightlifting,Clean & Jerk,Front View,Jerk Phase,Detected,116.1,111.59,104.54,98.49,120.81,117.69,96.36,79.7,144.51,90.91,1.6,3.593,3.451,False,,,,,,,,,,,,,,,
28.371,Weightlifting,Clean & Jerk,Front View,Jerk Phase,Detected,116.35,114.76,105.66,101.8,122.08,118.63,91.25,80.9,99.42,97.31,0.81,3.593,3.451,False,,,,,,,,,,,,,,,
28.432,Weightlifting,Clean & Jerk,Front View,Jerk Phase,Detected,118.14,113.64,109.43,101.01,125.46,118.96,86.7,83.9,86.63,100.3,0.81,3.572,3.551,False,,,,,,,,,,,,,,,
28.498,Weightlifting,Clean & Jerk,Front View,Jerk Phase,Detected,119.28,116.91,110.51,103.96,124.07,118.63,65.71,87.46,75.88,100.47,0.8,3.551,3.551,False,,,,,,,,,,,,,,,
28.558,Weightlifting,Clean & Jerk,Front View,Jerk Phase,Detected,117.79,117.0,109.8,103.96,124.19,118.63,63.55,104.87,71.24,62.5,0.4,3.572,3.551,False,,,,,,,,,,,,,,,
28.632,Weightlifting,Clean & Jerk,Front View,Jerk Phase,Detected,123.56,120.04,116.04,107.0,124.87,117.16,87.88,87.37,71.1,61.37,0.4,3.531,3.551,False,,,,,,,,,,,,,,,
28.699,Weightlifting,Clean & Jerk,Front View,Jerk Phase,Detected,124.55,120.83,116.72,107.0,126.16,118.63,87.27,83.66,75.53,63.18,0.0,3.51,3.551,False,,,,,,,,,,,,,,,
28.761,Weightlifting,Clean & Jerk,Front View,Jerk Phase,Detected,126.33,121.72,118.49,108.29,126.16,118.96,89.96,87.1,92.69,64.37,0.0,3.51,3.551,False,,,,,,,,,,,,,,,
28.824,Weightlifting,Clean & Jerk,Front View,Jerk Phase,Detected,127.87,123.48,120.57,110.91,126.07,119.89,83.85,90.36,86.34,55.75,0.39,3.431,3.49,False,,,,,,,,,,,,,,,
28.886,Weightlifting,Clean & Jerk,Front View,Jerk Phase,Detected,128.66,124.4,121.42,111.84,126.07,119.89,87.1,84.77,120.28,87.96,0.4,3.431,3.49,False,,,,,,,,,,,,,,,
28.949,Weightlifting,Clean & Jerk,Front View,Jerk Phase,Detected,129.43,123.62,122.25,111.84,126.07,119.89,85.3,84.45,125.54,101.31,0.8,3.451,3.572,False,,,,,,,,,,,,,,,
29.012,Weightlifting,Clean & Jerk,Front View,Jerk Phase,Detected,129.49,124.52,122.47,112.73,126.29,121.51,97.08,81.6,100.52,103.15,0.79,3.451,3.572,False,,,,,,,,,,,,,,,
29.074,Weightlifting,Clean & Jerk,Front View,Jerk Phase,Detected,130.3,124.6,123.27,111.8,126.29,118.96,96.9,81.51,53.54,104.61,0.78,3.451,3.657,False,,,,,,,,,,,,,,,
29.136,Weightlifting,Clean & Jerk,Front View,Jerk Phase,Detected,130.36,126.24,122.24,113.52,122.24,118.96,99.4,80.82,57.89,98.7,0.78,3.431,3.657,False,,,,,,,,,,,,,,,
29.199,Weightlifting,Clean & Jerk,Front View,Jerk Phase,Detected,130.36,125.39,122.24,112.99,122.24,119.27,99.61,83.81,64.01,97.27,0.78,3.431,3.89,False,,,,,,,,,,,,,,,
29.261,Weightlifting,Clean & Jerk,Front View,Jerk Phase,Detected,130.49,124.8,123.69,112.54,123.69,118.11,91.33,76.73,100.86,96.02,0.76,3.412,3.89,False,,,,,,,,,,,,,,,
29.324,Weightlifting,Clean & Jerk,Front View,Jerk Phase,Detected,130.43,124.01,123.89,111.96,123.89,118.41,90.76,75.53,107.22,100.87,0.76,3.412,3.614,False,,,,,,,,,,,,,,,
29.386,Weightlifting,Clean & Jerk,Front View,Jerk Phase,Detected,130.43,125.57,124.08,113.68,124.08,118.41,91.56,93.07,86.99,114.72,0.77,3.412,3.614,False,,,,,,,,,,,,,,,
29.448,Weightlifting,Clean & Jerk,Front View,Jerk Phase,Detected,130.43,125.57,124.08,113.68,122.61,118.41,94.57,96.25,90.0,120.96,0.77,3.49,3.572,False,,,,,,,,,,,,,,,
29.51,Weightlifting,Clean & Jerk,Front View,Jerk Phase,Detected,131.21,126.56,124.86,114.51,122.61,118.41,100.91,92.91,91.58,121.52,0.76,3.47,3.572,False,,,,,,,,,,,,,,,
29.574,Weightlifting,Clean & Jerk,Front View,Jerk Phase,Detected,131.97,125.73,124.86,113.97,122.61,118.7,102.79,96.09,94.89,121.61,1.15,3.531,3.551,False,,,,,,,,,,,,,,,
29.636,Weightlifting,Clean & Jerk,Front View,Jerk Phase,Detected,132.02,127.36,125.05,115.6,122.79,118.7,97.58,90.08,109.76,115.6,1.14,3.51,3.551,False,,,,,,,,,,,,,,,
29.699,Weightlifting,Clean & Jerk,Front View,Jerk Phase,Detected,131.97,127.38,125.81,115.08,121.25,118.98,101.7,92.4,105.87,115.21,0.38,3.451,3.572,False,,,,,,,,,,,,,,,
29.76,Weightlifting,Clean & Jerk,Front View,Jerk Phase,Detected,133.48,128.19,126.55,115.88,118.55,118.98,107.85,95.26,101.31,113.5,0.76,3.431,3.572,False,,,,,,,,,,,,,,,
29.824,Weightlifting,Clean & Jerk,Front View,Jerk Phase,Detected,132.74,130.43,124.82,117.43,117.87,118.98,100.89,102.7,94.64,120.38,0.38,3.47,3.551,False,,,,,,,,,,,,,,,
29.886,Weightlifting,Clean & Jerk,Front View,Jerk Phase,Detected,134.17,130.49,126.25,117.43,119.13,120.44,100.89,106.78,90.42,125.89,0.38,3.451,3.551,False,,,,,,,,,,,,,,,
29.949,Weightlifting,Clean & Jerk,Front View,Jerk Phase,Detected,132.78,131.25,126.49,118.19,121.53,120.44,103.2,104.82,102.56,125.32,0.0,3.431,3.614,False,,,,,,,,,,,,,,,
30.01,Weightlifting,Clean & Jerk,Front View,Jerk Phase,Detected,133.54,131.99,127.2,118.94,121.53,120.44,110.34,104.38,86.29,123.06,0.0,3.431,3.614,False,,,,,,,,,,,,,,,
30.073,Weightlifting,Clean & Jerk,Front View,Jerk Phase,Detected,133.54,132.78,127.2,119.72,121.53,120.44,112.83,109.77,88.99,136.22,0.0,3.375,3.636,False,,,,,,,,,,,,,,,
30.137,Weightlifting,Clean & Jerk,Front View,Jerk Phase,Detected,132.87,132.15,127.37,119.25,121.71,120.71,119.29,115.44,75.57,120.5,0.36,3.393,3.636,False,,,,,,,,,,,,,,,
30.198,Weightlifting,Clean & Jerk,Front View,Jerk Phase,Detected,133.56,132.89,128.06,119.99,121.71,119.25,116.87,116.57,69.98,112.17,0.36,3.431,3.636,False,,,,,,,,,,,,,,,
30.26,Weightlifting,Clean & Jerk,Front View,Jerk Phase,Detected,134.29,134.32,128.73,120.56,121.71,116.85,114.98,113.49,88.73,118.56,0.36,3.431,3.636,False,,,,,,,,,,,,,,,
30.322,Weightlifting,Clean & Jerk,Front View,Jerk Phase,Detected,136.42,135.74,130.15,122.89,123.04,117.7,109.81,107.95,64.61,113.8,0.0,3.49,3.551,False,,,,,,,,,,,,,,,
30.386,Weightlifting,Clean & Jerk,Front View,Jerk Phase,Detected,137.01,137.28,132.33,123.56,123.98,117.7,99.7,107.07,74.54,121.93,0.71,3.49,3.551,False,,,,,,,,,,,,,,,
30.45,Weightlifting,Clean & Jerk,Front View,Jerk Phase,Detected,136.4,137.28,131.88,123.56,124.14,117.7,103.07,105.34,89.16,121.75,0.71,3.47,3.614,False,,,,,,,,,,,,,,,
30.512,Weightlifting,Clean & Jerk,Front View,Jerk Phase,Detected,137.07,137.97,132.49,124.2,122.81,117.7,103.01,111.97,101.14,130.24,0.7,3.49,3.614,False,,,,,,,,,,,,,,,
30.573,Weightlifting,Clean & Jerk,Front View,Jerk Phase,Detected,137.07,137.32,132.49,123.82,121.55,117.96,100.59,106.34,102.05,131.11,0.7,3.47,3.551,False,,,,,,,,,,,,,,,
30.635,Weightlifting,Clean & Jerk,Front View,Jerk Phase,Detected,137.67,139.51,133.09,126.36,121.55,117.51,94.88,100.22,90.0,120.63,1.05,3.47,3.551,False,,,,,,,,,,,,,,,
30.698,Weightlifting,Clean & Jerk,Front View,Jerk Phase,Detected,135.68,139.55,131.88,126.36,121.7,117.51,117.31,100.19,108.62,120.63,1.38,3.451,3.551,False,,,,,,,,,,,,,,,
30.762,Weightlifting,Clean & Jerk,Front View,Jerk Phase,Detected,138.05,141.55,135.44,129.47,121.3,118.58,95.64,95.28,92.29,113.05,1.41,3.451,3.551,False,,,,,,,,,,,,,,,
30.823,Weightlifting,Clean & Jerk,Front View,Jerk Phase,Detected,137.56,142.63,136.55,130.39,123.66,119.9,122.91,97.83,123.69,116.77,1.78,3.451,3.49,False,,,,,,,,,,,,,,,
30.886,Weightlifting,Clean & Jerk,Front View,Jerk Phase,Detected,138.12,144.06,138.02,132.6,125.83,120.75,114.78,92.79,123.5,113.63,1.76,3.451,3.49,False,,,,,,,,,,,,,,,
30.949,Weightlifting,Clean & Jerk,Front View,Jerk Phase,Detected,138.59,144.89,138.57,134.29,127.16,121.61,96.42,92.79,102.99,118.07,1.77,3.49,3.451,False,,,,,,,,,,,,,,,
31.013,Weightlifting,Clean & Jerk,Front View,Jerk Phase,Detected,140.05,146.13,140.87,135.01,128.16,121.81,51.26,89.58,61.26,114.08,2.08,3.47,3.451,False,,,,,,,,,,,,,,,
31.076,Weightlifting,Clean & Jerk,Front View,Jerk Phase,Detected,139.44,147.44,140.43,138.05,128.25,123.52,77.91,86.65,89.22,115.03,2.11,3.412,3.431,False,,,,,,,,,,,,,,,
31.136,Weightlifting,Clean & Jerk,Front View,Jerk Phase,Detected,142.25,147.46,143.5,138.22,130.6,123.69,75.08,100.82,94.91,123.52,1.75,3.412,3.431,False,,,,,,,,,,,,,,,
31.198,Weightlifting,Clean & Jerk,Front View,Jerk Phase,Detected,143.07,148.31,145.19,139.76,131.48,125.93,77.21,94.27,97.03,112.76,1.75,3.51,3.412,False,,,,,,,,,,,,,,,
31.854,Weightlifting,Clean & Jerk,Front View,Jerk Phase,Detected,144.8,148.11,146.15,142.4,131.48,125.25,58.01,96.33,76.33,92.29,0.34,3.49,3.412,False,,,,,,,,,,,,,,,
31.915,Weightlifting,Clean & Jerk,Front View,Jerk Phase,Detected,146.07,148.51,147.42,142.84,130.08,125.25,57.31,91.8,73.29,79.58,0.35,3.412,3.356,False,,,,,,,,,,,,,,,
31.976,Weightlifting,Clean & Jerk,Front View,Jerk Phase,Detected,150.6,151.61,155.48,149.19,135.0,127.87,49.88,79.07,66.37,70.54,0.0,3.393,3.356,False,,,,,,,,,,,,,,,
32.039,Weightlifting,Clean & Jerk,Front View,Jerk Phase,Detected,149.08,150.94,154.65,149.19,133.6,127.87,48.72,62.27,63.71,56.89,0.0,3.375,3.412,False,,,,,,,,,,,,,,,
32.104,Weightlifting,Clean & Jerk,Front View,Jerk Phase,Detected,152.8,152.84,161.79,153.67,135.55,131.19,38.68,53.91,50.93,47.73,0.35,3.375,3.412,False,,,,,,,,,,,,,,,
32.165,Weightlifting,Clean & Jerk,Front View,Jerk Phase,Detected,153.06,153.68,162.07,155.46,133.97,130.6,37.65,49.92,47.43,45.77,0.35,3.375,3.412,False,,,,,,,,,,,,,,,
32.227,Weightlifting,Clean & Jerk,Front View,Jerk Phase,Detected,154.52,155.17,165.83,157.71,137.1,131.42,33.49,42.03,38.25,39.49,0.0,3.375,3.412,False,,,,,,,,,,,,,,,
32.29,Weightlifting,Clean & Jerk,Front View,Jerk Phase,Detected,154.74,155.38,166.12,157.99,137.1,131.42,32.83,39.88,37.18,37.16,0.0,3.375,3.356,False,,,,,,,,,,,,,,,
32.355,Weightlifting,Clean & Jerk,Front View,Jerk Phase,Detected,157.02,157.17,171.58,160.53,141.13,132.32,31.36,37.26,35.19,36.26,0.34,3.375,3.356,False,,,,,,,,,,,,,,,
32.417,Weightlifting,Clean & Jerk,Front View,Jerk Phase,Detected,157.02,158.25,170.72,161.57,140.27,130.64,31.36,36.51,35.19,35.36,0.34,3.393,3.356,False,,,,,,,,,,,,,,,
32.48,Weightlifting,Clean & Jerk,Front View,Jerk Phase,Detected,159.09,161.19,174.58,167.38,143.62,136.74,32.78,38.66,35.07,35.94,0.35,3.393,3.356,False,,,,,,,,,,,,,,,
32.543,Weightlifting,Clean & Jerk,Front View,Jerk Phase,Detected,160.14,160.43,176.61,166.49,144.61,134.1,32.78,37.42,33.26,35.51,0.0,3.393,3.356,False,,,,,,,,,,,,,,,
32.607,Weightlifting,Clean & Jerk,Front View,Jerk Phase,Detected,161.14,162.15,177.45,169.91,144.61,139.71,33.97,40.95,33.37,37.44,0.0,3.393,3.356,False,,,,,,,,,,,,,,,
32.67,Weightlifting,Clean & Jerk,Front View,Jerk Phase,Detected,161.14,163.06,176.59,171.64,142.01,140.88,34.69,40.1,34.09,36.68,0.0,3.356,3.32,False,,,,,,,,,,,,,,,
32.731,Weightlifting,Clean & Jerk,Front View,Jerk Phase,Detected,162.83,164.85,180.0,175.27,147.2,144.97,41.22,42.33,32.6,37.17,0.0,3.356,3.32,False,,,,,,,,,,,,,,,
32.793,Weightlifting,Clean & Jerk,Front View,Jerk Phase,Detected,162.91,165.09,180.0,177.0,147.2,147.67,42.34,41.81,33.8,36.12,0.34,3.356,3.32,False,,,,,,,,,,,,,,,
32.856,Weightlifting,Clean & Jerk,Front View,Jerk Phase,Detected,164.17,165.09,176.03,177.0,154.93,152.53,46.35,43.7,36.98,37.92,0.0,3.338,3.32,False,,,,,,,,,,,,,,,
32.917,Weightlifting,Clean & Jerk,Front View,Jerk Phase,Detected,164.17,165.83,176.03,177.0,156.5,156.64,46.35,44.04,36.98,40.5,0.34,3.284,3.284,False,,,,,,,,,,,,,,,
32.978,Weightlifting,Clean & Jerk,Front View,Jerk Phase,Detected,164.17,166.66,176.88,177.83,175.96,156.64,48.52,47.94,35.53,39.76,0.34,3.284,3.284,False,,,,,,,,,,,,,,,
33.042,Weightlifting,Clean & Jerk,Front View,Jerk Phase,Detected,164.33,166.0,176.23,177.83,178.07,156.64,50.12,48.6,34.39,38.21,0.34,3.356,3.338,False,,,,,,,,,,,,,,,
33.105,Weightlifting,Clean & Jerk,Front View,Jerk Phase,Detected,165.26,166.0,174.27,177.83,170.84,159.34,49.04,48.6,35.2,38.21,0.34,3.356,3.338,False,,,,,,,,,,,,,,,
33.166,Weightlifting,Clean & Jerk,Front View,Jerk Phase,Detected,165.35,165.92,174.46,177.83,167.85,162.16,48.02,49.56,34.28,39.09,0.34,3.338,3.32,False,,,,,,,,,,,,,,,
33.227,Weightlifting,Clean & Jerk,Front View,Jerk Phase,Detected,166.17,167.42,172.99,179.45,173.91,163.96,49.09,50.85,33.46,40.97,0.68,3.338,3.32,False,,,,,,,,,,,,,,,
33.29,Weightlifting,Clean & Jerk,Front View,Jerk Phase,Detected,166.99,167.42,171.54,179.55,173.69,162.61,49.09,50.85,33.7,40.97,0.68,3.356,3.338,False,,,,,,,,,,,,,,,
33.354,Weightlifting,Clean & Jerk,Front View,Jerk Phase,Detected,166.17,167.58,173.99,179.37,174.91,163.96,48.95,49.86,35.2,40.06,0.67,3.356,3.338,False,,,,,,,,,,,,,,,
33.416,Weightlifting,Clean & Jerk,Front View,Jerk Phase,Detected,166.25,167.58,173.73,179.37,171.39,165.09,48.95,50.77,35.2,40.88,0.67,3.451,3.431,False,,,,,,,,,,,,,,,
33.48,Weightlifting,Clean & Jerk,Front View,Jerk Phase,Detected,166.25,167.58,173.73,179.37,174.73,165.09,50.02,49.86,34.39,40.06,0.67,3.451,3.431,False,,,,,,,,,,,,,,,
33.541,Weightlifting,Clean & Jerk,Front View,Jerk Phase,Detected,166.25,167.58,173.73,179.47,174.73,163.86,50.02,49.86,34.39,39.97,0.67,3.451,3.431,False,,,,,,,,,,,,,,,
33.607,Weightlifting,Clean & Jerk,Front View,Jerk Phase,Detected,166.24,167.66,173.65,179.37,171.42,165.09,50.12,49.78,36.28,40.06,0.67,3.451,3.431,False,,,,,,,,,,,,,,,
33.667,Weightlifting,Clean & Jerk,Front View,Jerk Phase,Detected,166.33,167.73,173.48,179.27,168.53,165.19,50.02,48.74,36.08,40.64,0.67,3.412,3.412,False,,,,,,,,,,,,,,,
33.731,Weightlifting,Clean & Jerk,Front View,Jerk Phase,Detected,166.35,166.92,173.56,179.01,174.8,161.57,49.93,48.74,36.08,40.59,0.66,3.412,3.412,False,,,,,,,,,,,,,,,
33.792,Weightlifting,Clean & Jerk,Front View,Jerk Phase,Detected,166.26,166.9,173.45,178.83,179.1,160.24,50.9,48.67,39.01,40.59,0.66,3.412,3.412,False,,,,,,,,,,,,,,,
33.856,Weightlifting,Clean & Jerk,Front View,Jerk Phase,Detected,166.26,166.05,173.45,177.07,179.1,160.65,49.82,48.6,38.06,39.0,0.65,3.412,3.412,False,,,,,,,,,,,,,,,
33.919,Weightlifting,Clean & Jerk,Front View,Jerk Phase,Detected,166.26,166.05,173.45,177.07,179.1,160.65,48.71,48.6,38.85,38.91,0.65,3.32,3.338,False,,,,,,,,,,,,,,,
33.979,Weightlifting,Clean & Jerk,Front View,Jerk Phase,Detected,165.44,166.05,175.13,177.07,178.24,160.65,48.71,47.6,38.92,39.55,0.65,3.32,3.338,False,,,,,,,,,,,,,,,
34.041,Weightlifting,Clean & Jerk,Front View,Jerk Phase,Detected,165.44,166.05,175.13,177.07,178.53,160.65,48.71,47.6,38.92,37.92,0.65,3.266,3.284,False,,,,,,,,,,,,,,,
34.103,Weightlifting,Clean & Jerk,Front View,Jerk Phase,Detected,165.44,166.05,175.23,177.07,178.53,160.65,48.62,48.4,38.92,40.25,0.65,3.266,3.284,False,,,,,,,,,,,,,,,
34.164,Weightlifting,Clean & Jerk,Front View,Jerk Phase,Detected,165.44,165.15,175.23,175.33,178.53,159.73,47.46,49.36,39.61,41.09,0.65,3.356,3.375,False,,,,,,,,,,,,,,,
34.226,Weightlifting,Clean & Jerk,Front View,Jerk Phase,Detected,166.08,165.79,176.09,175.33,179.39,157.13,46.82,49.76,39.61,40.23,0.65,3.356,3.375,False,,,,,,,,,,,,,,,
34.29,Weightlifting,Clean & Jerk,Front View,Jerk Phase,Detected,166.08,165.67,176.09,175.14,179.39,157.07,45.62,49.72,40.27,40.19,0.65,3.412,3.431,False,,,,,,,,,,,,,,,
34.352,Weightlifting,Clean & Jerk,Front View,Jerk Phase,Detected,165.36,166.37,177.53,175.2,179.9,157.13,45.62,50.14,40.27,41.31,0.98,3.412,3.431,False,,,,,,,,,,,,,,,
34.414,Weightlifting,Clean & Jerk,Front View,Jerk Phase,Detected,164.72,166.37,177.53,175.2,179.9,154.64,45.04,49.01,39.03,42.03,1.3,3.356,3.356,False,,,,,,,,,,,,,,,
34.478,Weightlifting,Clean & Jerk,Front View,Jerk Phase,Detected,164.63,166.32,177.53,175.2,173.51,154.64,46.1,53.7,40.0,44.56,1.32,3.356,3.356,False,,,,,,,,,,,,,,,
34.539,Weightlifting,Clean & Jerk,Front View,Jerk Phase,Detected,164.63,166.26,176.65,175.2,174.39,154.64,44.81,56.33,40.56,46.99,1.32,3.431,3.431,False,,,,,,,,,,,,,,,
34.603,Weightlifting,Clean & Jerk,Front View,Jerk Phase,Detected,164.52,166.32,176.92,175.33,171.18,154.64,44.81,59.16,40.96,49.61,1.33,3.431,3.431,False,,,,,,,,,,,,,,,
34.665,Weightlifting,Clean & Jerk,Front View,Jerk Phase,Detected,164.44,166.32,176.81,175.33,166.99,157.13,44.66,59.16,42.87,49.61,1.35,3.393,3.393,False,,,,,,,,,,,,,,,
34.728,Weightlifting,Clean & Jerk,Front View,Jerk Phase,Detected,164.44,166.98,176.81,175.33,166.99,157.13,45.7,60.96,43.91,52.07,1.68,3.393,3.393,False,,,,,,,,,,,,,,,
34.791,Weightlifting,Clean & Jerk,Front View,Jerk Phase,Detected,164.44,166.98,176.81,175.33,166.99,157.13,47.06,59.96,43.16,53.18,1.68,3.451,3.47,False,,,,,,,,,,,,,,,
34.852,Weightlifting,Clean & Jerk,Front View,Jerk Phase,Detected,164.44,166.98,176.81,175.33,170.06,157.13,48.16,59.96,44.27,53.18,1.68,3.451,3.47,False,,,,,,,,,,,,,,,
34.915,Weightlifting,Clean & Jerk,Front View,Jerk Phase,Detected,164.44,166.98,176.65,175.39,174.39,158.41,48.16,60.96,44.12,52.07,1.68,3.451,3.431,False,,,,,,,,,,,,,,,
34.978,Weightlifting,Clean & Jerk,Front View,Jerk Phase,Detected,164.33,166.98,176.92,175.39,174.23,158.41,48.16,59.96,43.98,53.01,1.68,3.451,3.431,False,,,,,,,,,,,,,,,
35.04,Weightlifting,Clean & Jerk,Front View,Jerk Phase,Detected,164.33,167.03,176.92,175.33,174.23,157.13,48.16,58.44,43.98,53.84,1.67,3.412,3.412,False,,,,,,,,,,,,,,,
35.104,Weightlifting,Clean & Jerk,Front View,Jerk Phase,Detected,164.33,167.03,176.92,175.33,177.38,155.79,48.16,57.03,43.98,50.23,1.67,3.412,3.412,False,,,,,,,,,,,,,,,
35.165,Weightlifting,Clean & Jerk,Front View,Jerk Phase,Detected,164.33,167.86,176.92,177.07,179.39,156.71,48.16,55.67,43.84,49.03,1.67,3.393,3.412,False,,,,,,,,,,,,,,,
35.226,Weightlifting,Clean & Jerk,Front View,Jerk Phase,Detected,164.42,167.86,177.08,177.07,179.84,156.71,48.27,55.67,42.15,49.03,1.67,3.393,3.412,False,,,,,,,,,,,,,,,
35.288,Weightlifting,Clean & Jerk,Front View,Jerk Phase,Detected,164.42,167.91,177.08,177.07,179.84,159.41,48.27,54.31,44.05,47.72,1.66,3.375,3.393,False,,,,,,,,,,,,,,,
35.351,Weightlifting,Clean & Jerk,Front View,Jerk Phase,Detected,164.52,167.15,177.08,176.96,171.02,160.65,48.18,52.58,44.18,47.39,1.32,3.375,3.393,False,,,,,,,,,,,,,,,
35.414,Weightlifting,Clean & Jerk,Front View,Jerk Phase,Detected,164.52,167.15,177.08,176.96,168.08,160.65,48.18,52.58,44.18,47.39,1.32,3.393,3.412,False,,,,,,,,,,,,,,,
35.479,Weightlifting,Clean & Jerk,Front View,Jerk Phase,Detected,163.01,168.0,178.88,178.72,163.04,164.28,48.73,52.4,42.21,43.39,1.64,3.393,3.412,False,,,,,,,,,,,,,,,
35.54,Weightlifting,Clean & Jerk,Front View,Jerk Phase,Detected,163.01,168.0,178.88,178.72,163.04,164.28,48.73,52.4,42.21,43.39,1.64,3.451,3.451,False,,,,,,,,,,,,,,,
35.602,Weightlifting,Clean & Jerk,Front View,Jerk Phase,Detected,164.61,166.51,177.79,177.79,167.37,163.06,48.09,53.04,42.15,41.49,0.98,3.451,3.451,False,,,,,,,,,,,,,,,
35.665,Weightlifting,Clean & Jerk,Front View,Jerk Phase,Detected,164.61,166.51,177.79,177.79,170.31,166.0,48.09,51.96,42.15,42.31,0.98,3.412,3.451,False,,,,,,,,,,,,,,,
35.728,Weightlifting,Clean & Jerk,Front View,Jerk Phase,Detected,164.61,167.15,177.79,177.79,170.31,163.06,49.35,51.28,41.5,40.55,1.31,3.412,3.451,False,,,,,,,,,,,,,,,
35.79,Weightlifting,Clean & Jerk,Front View,Jerk Phase,Detected,164.61,167.15,176.92,177.79,174.23,163.06,50.56,51.28,40.8,40.37,1.31,3.393,3.393,False,,,,,,,,,,,,,,,
35.85,Weightlifting,Clean & Jerk,Front View,Jerk Phase,Detected,164.5,167.04,177.19,177.59,171.02,162.98,50.56,51.28,40.8,40.55,1.31,3.393,3.393,False,,,,,,,,,,,,,,,
35.914,Weightlifting,Clean & Jerk,Front View,Jerk Phase,Detected,164.5,167.04,177.19,177.59,168.08,162.98,50.56,51.28,40.8,40.55,1.31,3.375,3.356,False,,,,,,,,,,,,,,,
35.978,Weightlifting,Clean & Jerk,Front View,Jerk Phase,Detected,163.96,167.04,177.08,177.51,165.26,162.89,48.92,49.11,38.52,38.39,1.64,3.356,3.356,False,,,,,,,,,,,,,,,
36.039,Weightlifting,Clean & Jerk,Front View,Jerk Phase,Detected,163.96,167.04,177.08,178.38,162.56,166.71,48.92,49.11,38.52,38.39,1.64,3.393,3.393,False,,,,,,,,,,,,,,,
36.102,Weightlifting,Clean & Jerk,Front View,Jerk Phase,Detected,163.96,167.04,177.08,178.38,162.56,166.71,47.9,48.07,37.55,37.52,1.64,3.393,3.393,False,,,,,,,,,,,,,,,
36.166,Weightlifting,Clean & Jerk,Front View,Jerk Phase,Detected,163.96,167.1,177.08,178.5,162.56,166.71,47.9,48.13,37.55,37.52,1.65,3.393,3.393,False,,,,,,,,,,,,,,,
36.228,Weightlifting,Clean & Jerk,Front View,Jerk Phase,Detected,163.96,167.04,177.08,178.38,161.1,169.76,49.1,48.07,38.75,37.52,1.64,3.393,3.393,False,,,,,,,,,,,,,,,
36.289,Weightlifting,Clean & Jerk,Front View,Jerk Phase,Detected,163.14,167.04,178.76,178.38,160.25,169.76,49.1,48.07,38.69,37.52,1.64,3.431,3.412,False,,,,,,,,,,,,,,,
36.352,Weightlifting,Clean & Jerk,Front View,Jerk Phase,Detected,163.01,167.63,179.03,178.29,160.1,172.81,50.13,47.48,39.72,37.52,1.97,3.412,3.412,False,,,,,,,,,,,,,,,
36.412,Weightlifting,Clean & Jerk,Front View,Jerk Phase,Detected,163.04,166.0,178.9,177.22,160.1,171.93,50.23,48.13,39.79,35.97,1.66,3.431,3.431,False,,,,,,,,,,,,,,,
36.477,Weightlifting,Clean & Jerk,Front View,Jerk Phase,Detected,163.04,166.0,178.9,177.31,160.1,172.81,50.23,47.01,39.79,36.4,1.66,3.431,3.431,False,,,,,,,,,,,,,,,
36.539,Weightlifting,Clean & Jerk,Front View,Jerk Phase,Detected,163.04,166.13,178.9,177.53,160.1,172.91,50.23,45.86,39.79,35.25,1.66,3.393,3.393,False,,,,,,,,,,,,,,,
36.604,Weightlifting,Clean & Jerk,Front View,Jerk Phase,Detected,162.94,166.13,178.9,177.53,162.9,173.62,51.4,45.86,40.86,37.02,1.67,3.393,3.393,False,,,,,,,,,,,,,,,
36.665,Weightlifting,Clean & Jerk,Front View,Jerk Phase,Detected,164.42,166.26,178.08,178.64,165.83,177.66,50.75,47.01,40.8,36.4,1.33,3.356,3.375,False,,,,,,,,,,,,,,,
36.729,Weightlifting,Clean & Jerk,Front View,Jerk Phase,Detected,164.42,166.26,178.08,178.64,165.83,177.66,51.91,46.89,40.06,37.94,1.33,3.356,3.375,False,,,,,,,,,,,,,,,
36.791,Weightlifting,Clean & Jerk,Front View,Jerk Phase,Detected,163.57,165.56,179.87,178.05,164.99,179.1,51.82,46.89,41.9,39.72,1.32,3.338,3.356,False,,,,,,,,,,,,,,,
36.854,Weightlifting,Clean & Jerk,Front View,Jerk Phase,Detected,162.92,165.56,179.03,178.94,165.83,175.05,52.47,48.05,41.9,38.98,1.66,3.338,3.356,False,,,,,,,,,,,,,,,
36.916,Weightlifting,Clean & Jerk,Front View,Jerk Phase,Detected,163.04,165.63,178.76,179.96,169.05,170.98,52.47,50.31,41.97,41.19,1.67,3.356,3.356,False,,,,,,,,,,,,,,,
36.979,Weightlifting,Clean & Jerk,Front View,Jerk Phase,Detected,162.92,165.36,179.03,179.57,172.11,166.67,53.6,50.31,43.03,41.19,1.67,3.356,3.356,False,,,,,,,,,,,,,,,
37.041,Weightlifting,Clean & Jerk,Front View,Jerk Phase,Detected,162.92,164.59,179.03,179.75,172.11,162.97,53.6,49.17,43.03,40.11,1.66,3.338,3.338,False,,,,,,,,,,,,,,,
37.102,Weightlifting,Clean & Jerk,Front View,Jerk Phase,Detected,164.42,164.44,178.08,178.82,172.11,165.66,53.04,49.17,43.03,40.11,1.33,3.338,3.338,False,,,,,,,,,,,,,,,
37.165,Weightlifting,Clean & Jerk,Front View,Jerk Phase,Detected,163.77,164.53,178.08,178.67,172.11,171.24,52.53,49.23,41.86,40.11,1.67,3.412,3.412,False,,,,,,,,,,,,,,,
37.226,Weightlifting,Clean & Jerk,Front View,Jerk Phase,Detected,163.77,164.32,178.08,177.31,172.11,164.28,52.53,49.25,41.86,40.19,1.68,3.393,3.412,False,,,,,,,,,,,,,,,
37.29,Weightlifting,Clean & Jerk,Front View,Jerk Phase,Detected,162.16,164.32,179.17,177.31,168.77,164.28,53.18,49.25,43.83,38.35,2.02,3.375,3.375,False,,,,,,,,,,,,,,,
37.352,Weightlifting,Clean & Jerk,Front View,Jerk Phase,Detected,163.64,164.09,178.44,178.32,175.29,164.28,52.43,48.52,43.83,38.39,1.99,3.375,3.375,False,,,,,,,,,,,,,,,
37.413,Weightlifting,Clean & Jerk,Front View,Jerk Phase,Detected,163.64,164.09,178.44,178.32,175.29,164.28,52.43,48.52,41.86,38.39,1.99,3.375,3.375,False,,,,,,,,,,,,,,,
37.475,Weightlifting,Clean & Jerk,Front View,Jerk Phase,Detected,163.75,163.92,178.19,177.65,175.43,160.98,53.6,47.4,43.03,42.8,1.99,3.375,3.375,False,,,,,,,,,,,,,,,
37.537,Weightlifting,Clean & Jerk,Front View,Jerk Phase,Detected,163.64,162.41,178.44,177.68,175.29,157.58,53.6,48.05,45.0,42.8,1.66,3.338,3.338,False,,,,,,,,,,,,,,,
37.601,Weightlifting,Clean & Jerk,Front View,Jerk Phase,Detected,163.64,162.41,178.44,178.3,171.97,154.65,53.6,49.17,45.0,42.07,1.66,3.338,3.338,False,,,,,,,,,,,,,,,
37.661,Weightlifting,Clean & Jerk,Front View,Jerk Phase,Detected,163.64,162.41,178.44,178.3,168.77,151.22,53.6,49.17,45.0,43.92,1.66,3.32,3.338,False,,,,,,,,,,,,,,,
37.725,Weightlifting,Clean & Jerk,Front View,Jerk Phase,Detected,163.75,162.41,178.19,178.3,168.91,147.53,53.6,49.17,45.0,43.92,1.66,3.32,3.338,False,,,,,,,,,,,,,,,
37.785,Weightlifting,Clean & Jerk,Front View,Jerk Phase,Detected,163.75,162.41,178.19,178.3,168.91,144.71,52.47,49.17,43.88,43.92,1.66,3.375,3.375,False,,,,,,,,,,,,,,,
37.85,Weightlifting,Clean & Jerk,Front View,Jerk Phase,Detected,163.75,162.59,178.19,177.9,172.11,144.5,52.47,48.13,43.88,42.88,1.66,3.375,3.375,False,,,,,,,,,,,,,,,
37.911,Weightlifting,Clean & Jerk,Front View,Jerk Phase,Detected,163.75,162.59,178.19,178.76,172.11,148.17,53.6,48.13,45.0,42.88,1.66,3.356,3.356,False,,,,,,,,,,,,,,,
37.973,Weightlifting,Clean & Jerk,Front View,Jerk Phase,Detected,163.75,162.65,178.19,179.63,172.11,162.28,52.47,48.07,43.88,42.88,1.65,3.356,3.356,False,,,,,,,,,,,,,,,
38.035,Weightlifting,Clean & Jerk,Front View,Jerk Phase,Detected,163.83,162.83,178.3,179.45,172.11,167.47,51.2,49.15,42.8,42.11,1.63,3.375,3.375,False,,,,,,,,,,,,,,,
38.096,Weightlifting,Clean & Jerk,Front View,Jerk Phase,Detected,163.21,162.94,178.19,179.86,176.22,170.83,50.78,48.13,41.63,42.88,1.97,3.375,3.375,False,,,,,,,,,,,,,,,
38.16,Weightlifting,Clean & Jerk,Front View,Jerk Phase,Detected,163.21,162.94,178.19,178.98,179.45,174.41,50.78,48.13,41.63,42.88,1.97,3.375,3.375,False,,,,,,,,,,,,,,,
38.223,Weightlifting,Clean & Jerk,Front View,Jerk Phase,Detected,163.21,163.77,178.08,179.32,176.22,173.31,50.88,48.13,41.63,42.88,1.99,3.375,3.375,False,,,,,,,,,,,,,,,
38.287,Weightlifting,Clean & Jerk,Front View,Jerk Phase,Detected,163.21,163.86,178.08,179.16,173.07,173.31,50.88,49.23,41.63,43.92,2.0,3.32,3.32,False,,,,,,,,,,,,,,,
38.349,Weightlifting,Clean & Jerk,Front View,Jerk Phase,Detected,164.69,164.53,178.09,178.67,169.18,165.51,50.23,49.23,41.63,43.92,1.67,3.32,3.32,False,,,,,,,,,,,,,,,
38.41,Weightlifting,Clean & Jerk,Front View,Jerk Phase,Detected,164.79,164.53,177.87,178.67,169.31,162.18,50.23,48.11,41.63,44.71,1.67,3.32,3.32,False,,,,,,,,,,,,,,,
38.474,Weightlifting,Clean & Jerk,Front View,Jerk Phase,Detected,164.79,164.53,177.87,179.53,169.31,162.67,50.23,48.11,41.63,44.71,1.67,3.32,3.32,False,,,,,,,,,,,,,,,
38.542,Weightlifting,Clean & Jerk,Front View,Jerk Phase,Detected,164.79,164.53,178.0,179.53,168.06,162.67,50.23,48.11,41.63,44.71,1.67,3.393,3.393,False,,,,,,,,,,,,,,,
38.602,Weightlifting,Clean & Jerk,Front View,Jerk Phase,Detected,164.79,164.53,178.0,179.6,168.06,166.67,50.23,48.11,41.63,44.71,1.67,3.393,3.393,False,,,,,,,,,,,,,,,
38.664,Weightlifting,Clean & Jerk,Front View,Jerk Phase,Detected,164.79,164.53,178.0,179.6,171.26,166.67,50.23,48.11,41.63,44.71,1.67,3.412,3.412,False,,,,,,,,,,,,,,,
38.727,Weightlifting,Clean & Jerk,Front View,Jerk Phase,Detected,163.97,163.7,179.67,178.77,170.41,166.67,50.23,49.23,41.63,45.83,1.67,3.393,3.412,False,,,,,,,,,,,,,,,
38.786,Weightlifting,Clean & Jerk,Front View,Jerk Phase,Detected,163.97,163.7,179.67,177.9,174.52,171.12,49.02,49.23,42.34,45.89,1.67,3.338,3.356,False,,,,,,,,,,,,,,,
38.847,Weightlifting,Clean & Jerk,Front View,Jerk Phase,Detected,163.97,163.86,178.82,178.2,178.61,170.98,49.02,49.23,42.4,45.89,1.67,3.338,3.356,False,,,,,,,,,,,,,,,
38.91,Weightlifting,Clean & Jerk,Front View,Jerk Phase,Detected,163.97,163.92,178.82,177.44,178.61,178.45,49.02,48.05,42.4,46.74,1.66,3.356,3.375,False,,,,,,,,,,,,,,,
38.973,Weightlifting,Clean & Jerk,Front View,Jerk Phase,Detected,165.44,164.02,177.87,176.68,178.74,177.34,49.58,48.11,41.63,46.74,1.33,3.356,3.375,False,,,,,,,,,,,,,,,
39.034,Weightlifting,Clean & Jerk,Front View,Jerk Phase,Detected,165.44,164.82,177.87,178.39,178.74,178.25,49.58,48.11,41.63,46.74,1.33,3.412,3.431,False,,,,,,,,,,,,,,,
39.096,Weightlifting,Clean & Jerk,Front View,Jerk Phase,Detected,165.44,164.68,177.87,178.12,175.51,178.67,49.58,49.19,41.63,49.99,1.33,3.412,3.431,False,,,,,,,,,,,,,,,
39.158,Weightlifting,Clean & Jerk,Front View,Jerk Phase,Detected,165.44,164.68,177.77,177.23,175.51,174.71,49.67,49.19,41.63,52.01,1.34,3.47,3.47,False,,,,,,,,,,,,,,,
39.223,Weightlifting,Clean & Jerk,Front View,Jerk Phase,Detected,165.35,164.68,178.0,177.23,178.61,174.71,50.75,49.19,42.71,49.78,1.34,3.47,3.47,False,,,,,,,,,,,,,,,
39.284,Weightlifting,Clean & Jerk,Front View,Jerk Phase,Detected,165.35,164.68,178.85,177.23,177.76,174.71,50.75,49.19,42.71,49.78,1.34,3.49,3.49,False,,,,,,,,,,,,,,,
39.344,Weightlifting,Clean & Jerk,Front View,Jerk Phase,Detected,165.35,164.68,178.85,176.43,174.52,168.92,50.75,50.31,42.71,46.97,1.34,3.49,3.49,False,,,,,,,,,,,,,,,
39.408,Weightlifting,Clean & Jerk,Front View,Jerk Phase,Detected,165.35,164.68,178.85,176.43,174.52,168.92,50.75,51.4,42.71,46.08,1.34,3.32,3.338,False,,,,,,,,,,,,,,,
39.47,Weightlifting,Clean & Jerk,Front View,Jerk Phase,Detected,165.35,165.5,178.85,177.25,168.33,166.22,50.75,50.31,42.71,48.81,1.34,3.32,3.338,False,,,,,,,,,,,,,,,
39.532,Weightlifting,Clean & Jerk,Front View,Jerk Phase,Detected,165.35,165.5,178.0,177.25,166.24,163.61,50.75,50.31,42.71,48.95,1.34,3.356,3.375,False,,,,,,,,,,,,,,,
39.594,Weightlifting,Clean & Jerk,Front View,Jerk Phase,Detected,165.35,165.5,178.85,177.25,165.39,163.61,50.75,51.44,42.71,50.21,1.34,3.356,3.375,False,,,,,,,,,,,,,,,
39.658,Weightlifting,Clean & Jerk,Front View,Jerk Phase,Detected,165.35,165.5,178.85,177.25,168.33,163.61,50.75,52.52,42.71,51.29,1.34,3.451,3.451,False,,,,,,,,,,,,,,,
39.721,Weightlifting,Clean & Jerk,Front View,Jerk Phase,Detected,166.17,165.5,177.18,177.25,175.38,163.61,50.75,52.52,42.71,51.15,1.34,3.451,3.451,False,,,,,,,,,,,,,,,
39.782,Weightlifting,Clean & Jerk,Front View,Jerk Phase,Detected,166.17,165.5,177.18,176.25,178.61,156.39,50.75,52.52,42.71,51.15,1.34,3.356,3.375,False,,,,,,,,,,,,,,,
39.844,Weightlifting,Clean & Jerk,Front View,Jerk Phase,Detected,166.17,165.5,177.18,176.25,178.61,157.68,50.75,52.52,42.71,49.18,1.34,3.356,3.375,False,,,,,,,,,,,,,,,
39.907,Weightlifting,Clean & Jerk,Front View,Jerk Phase,Detected,166.17,165.5,177.18,176.25,178.61,157.68,50.75,52.52,42.71,49.18,1.34,3.393,3.393,False,,,,,,,,,,,,,,,
39.97,Weightlifting,Clean & Jerk,Front View,Jerk Phase,Detected,166.17,165.5,177.18,176.25,178.61,157.68,50.75,52.52,42.71,51.15,1.34,3.393,3.393,False,,,,,,,,,,,,,,,
40.031,Weightlifting,Clean & Jerk,Front View,Jerk Phase,Detected,166.09,164.84,177.39,176.25,178.48,157.68,50.75,52.1,42.71,50.07,1.01,3.356,3.375,False,,,,,,,,,,,,,,,
40.094,Weightlifting,Clean & Jerk,Front View,Jerk Phase,Detected,165.35,165.5,178.96,175.35,171.26,154.47,50.75,52.52,42.71,51.15,1.34,3.356,3.375,False,,,,,,,,,,,,,,,
40.154,Weightlifting,Clean & Jerk,Front View,Jerk Phase,Detected,165.35,165.57,179.07,175.48,170.19,154.47,50.75,52.58,40.8,51.15,1.35,3.338,3.338,False,,,,,,,,,,,,,,,
40.219,Weightlifting,Clean & Jerk,Front View,Jerk Phase,Detected,165.35,165.57,179.07,175.48,170.19,154.47,50.75,52.58,40.8,51.15,1.35,3.338,3.338,False,,,,,,,,,,,,,,,
40.28,Weightlifting,Clean & Jerk,Front View,Jerk Phase,Detected,165.35,165.57,178.96,175.48,171.26,154.47,50.75,52.58,40.8,51.15,1.35,3.284,3.302,False,,,,,,,,,,,,,,,
40.342,Weightlifting,Clean & Jerk,Front View,Jerk Phase,Detected,165.35,164.02,178.96,174.53,171.26,154.47,49.53,54.21,41.5,50.21,1.01,3.284,3.302,False,,,,,,,,,,,,,,,
40.404,Weightlifting,Clean & Jerk,Front View,Jerk Phase,Detected,165.35,164.02,178.96,174.53,171.26,152.26,50.65,54.21,42.61,50.21,1.01,3.393,3.393,False,,,,,,,,,,,,,,,
40.467,Weightlifting,Clean & Jerk,Front View,Jerk Phase,Detected,165.35,164.02,178.96,174.53,167.09,152.26,50.65,54.21,42.61,50.21,1.01,3.393,3.393,False,,,,,,,,,,,,,,,
40.53,Weightlifting,Clean & Jerk,Front View,Jerk Phase,Detected,164.53,164.02,179.38,174.53,166.25,152.26,50.65,54.21,42.61,50.21,1.01,3.393,3.393,False,,,,,,,,,,,,,,,
40.591,Weightlifting,Clean & Jerk,Front View,Jerk Phase,Detected,166.01,163.95,179.8,174.53,166.25,152.26,49.99,55.44,42.61,51.37,0.67,3.412,3.393,False,,,,,,,,,,,,,,,
40.654,Weightlifting,Clean & Jerk,Front View,Jerk Phase,Detected,166.01,163.95,179.8,174.53,166.25,152.26,49.99,56.43,42.61,50.39,0.67,3.32,3.338,False,,,,,,,,,,,,,,,
40.717,Weightlifting,Clean & Jerk,Front View,Jerk Phase,Detected,166.01,163.95,179.8,174.53,167.37,152.26,51.2,54.28,40.02,48.24,0.67,3.32,3.338,False,,,,,,,,,,,,,,,
40.783,Weightlifting,Clean & Jerk,Front View,Jerk Phase,Detected,166.01,163.87,179.8,174.38,170.42,150.16,51.2,54.21,40.02,48.24,0.67,3.356,3.356,False,,,,,,,,,,,,,,,
40.842,Weightlifting,Clean & Jerk,Front View,Jerk Phase,Detected,166.01,163.36,179.7,174.6,170.52,150.23,51.15,55.0,41.74,48.37,0.34,3.356,3.356,False,,,,,,,,,,,,,,,
40.906,Weightlifting,Clean & Jerk,Front View,Jerk Phase,Detected,166.01,163.36,179.7,174.6,169.56,150.23,51.15,56.03,41.66,49.4,0.34,3.32,3.32,False,,,,,,,,,,,,,,,
40.967,Weightlifting,Clean & Jerk,Front View,Jerk Phase,Detected,166.0,162.47,179.8,172.87,170.52,149.31,51.07,57.31,43.78,50.6,0.34,3.32,3.32,False,,,,,,,,,,,,,,,
41.029,Weightlifting,Clean & Jerk,Front View,Jerk Phase,Detected,166.01,163.05,179.6,172.71,170.63,149.31,51.15,57.56,43.78,51.58,0.67,3.375,3.356,False,,,,,,,,,,,,,,,
41.093,Weightlifting,Clean & Jerk,Front View,Jerk Phase,Detected,166.01,163.8,179.6,173.54,173.78,149.31,51.15,56.64,43.78,50.6,0.67,3.375,3.356,False,,,,,,,,,,,,,,,
41.154,Weightlifting,Clean & Jerk,Front View,Jerk Phase,Detected,166.01,163.8,179.6,173.54,177.01,149.31,51.15,55.44,43.78,49.4,0.67,3.412,3.431,False,,,,,,,,,,,,,,,
41.218,Weightlifting,Clean & Jerk,Front View,Jerk Phase,Detected,165.93,163.87,179.6,173.6,177.01,149.37,52.46,55.37,45.0,49.4,0.67,3.412,3.431,False,,,,,,,,,,,,,,,
41.279,Weightlifting,Clean & Jerk,Front View,Jerk Phase,Detected,166.6,163.8,179.6,173.6,177.01,149.37,53.01,57.63,46.22,49.73,0.34,3.338,3.338,False,,,,,,,,,,,,,,,
41.338,Weightlifting,Clean & Jerk,Front View,Jerk Phase,Detected,165.09,163.8,179.48,172.66,177.01,146.43,52.37,57.63,45.0,47.89,0.67,3.338,3.338,False,,,,,,,,,,,,,,,
41.403,Weightlifting,Clean & Jerk,Front View,Jerk Phase,Detected,165.09,163.8,179.48,172.66,177.01,146.43,52.37,56.43,45.0,46.7,0.67,3.32,3.338,False,,,,,,,,,,,,,,,
41.466,Weightlifting,Clean & Jerk,Front View,Jerk Phase,Detected,165.02,163.88,179.59,173.74,173.78,149.37,53.77,56.5,46.22,46.81,0.69,3.32,3.338,False,,,,,,,,,,,,,,,
41.528,Weightlifting,Clean & Jerk,Front View,Jerk Phase,Detected,165.02,163.88,179.59,173.74,173.78,149.37,53.77,56.5,46.22,46.81,0.69,3.356,3.375,False,,,,,,,,,,,,,,,
41.59,Weightlifting,Clean & Jerk,Front View,Jerk Phase,Detected,164.91,163.88,179.37,173.74,173.67,149.37,53.77,55.51,46.22,44.04,0.69,3.356,3.375,False,,,,,,,,,,,,,,,
41.655,Weightlifting,Clean & Jerk,Front View,Jerk Phase,Detected,164.91,163.88,179.37,173.74,173.67,149.37,53.77,54.48,46.22,44.79,0.69,3.284,3.302,False,,,,,,,,,,,,,,,
41.719,Weightlifting,Clean & Jerk,Front View,Jerk Phase,Detected,164.91,163.88,179.37,173.74,173.67,149.37,53.77,54.48,46.22,46.58,0.69,3.284,3.302,False,,,,,,,,,,,,,,,
41.779,Weightlifting,Clean & Jerk,Front View,Jerk Phase,Detected,164.89,163.8,179.26,173.6,173.67,149.37,52.46,55.62,46.97,49.57,0.68,3.302,3.32,False,,,,,,,,,,,,,,,
41.842,Weightlifting,Clean & Jerk,Front View,Jerk Phase,Detected,164.17,163.8,177.78,173.6,172.91,149.37,52.46,56.64,46.97,48.75,0.68,3.302,3.32,False,,,,,,,,,,,,,,,
41.902,Weightlifting,Clean & Jerk,Front View,Jerk Phase,Detected,164.26,163.72,177.78,173.45,172.91,149.37,51.15,56.57,43.78,46.91,0.67,3.32,3.32,False,,,,,,,,,,,,,,,
41.965,Weightlifting,Clean & Jerk,Front View,Jerk Phase,Detected,164.26,163.72,177.78,173.45,172.91,149.37,52.37,55.37,43.03,45.82,0.67,3.32,3.32,False,,,,,,,,,,,,,,,
42.027,Weightlifting,Clean & Jerk,Front View,Jerk Phase,Detected,165.09,163.79,179.48,173.45,173.78,151.48,52.37,54.15,45.0,44.66,0.67,3.284,3.284,False,,,,,,,,,,,,,,,
42.088,Weightlifting,Clean & Jerk,Front View,Jerk Phase,Detected,165.09,163.79,179.48,173.45,173.78,151.48,53.59,54.15,46.22,44.66,0.67,3.284,3.284,False,,,,,,,,,,,,,,,
42.152,Weightlifting,Clean & Jerk,Front View,Jerk Phase,Detected,165.09,163.79,179.48,173.45,170.63,151.48,53.59,54.15,46.22,44.55,0.67,3.356,3.338,False,,,,,,,,,,,,,,,
42.214,Weightlifting,Clean & Jerk,Front View,Jerk Phase,Detected,165.09,163.79,179.48,173.45,173.78,151.48,53.59,55.3,44.31,47.55,0.67,3.356,3.338,False,,,,,,,,,,,,,,,
42.276,Weightlifting,Clean & Jerk,Front View,Jerk Phase,Detected,165.09,163.79,179.48,173.45,173.78,151.48,53.59,56.51,44.31,48.69,0.67,3.302,3.302,False,,,,,,,,,,,,,,,
42.34,Weightlifting,Clean & Jerk,Front View,Jerk Phase,Detected,165.17,163.79,179.48,173.45,173.78,151.48,52.29,55.48,43.09,49.57,0.66,3.302,3.302,False,,,,,,,,,,,,,,,
42.401,Weightlifting,Clean & Jerk,Front View,Jerk Phase,Detected,165.17,163.86,179.48,173.45,173.78,151.48,52.29,54.21,43.09,48.37,0.66,3.302,3.32,False,,,,,,,,,,,,,,,
42.465,Weightlifting,Clean & Jerk,Front View,Jerk Phase,Detected,165.17,164.09,179.48,173.81,170.63,151.54,52.29,55.3,43.09,47.42,0.66,3.302,3.32,False,,,,,,,,,,,,,,,
42.53,Weightlifting,Clean & Jerk,Front View,Jerk Phase,Detected,165.17,164.09,179.48,173.81,170.63,151.54,52.29,54.15,43.09,46.33,0.66,3.32,3.32,False,,,,,,,,,,,,,,,
42.591,Weightlifting,Clean & Jerk,Front View,Jerk Phase,Detected,165.17,164.09,179.59,173.81,173.88,151.54,52.29,54.15,43.15,44.55,0.66,3.32,3.32,False,,,,,,,,,,,,,,,
42.655,Weightlifting,Clean & Jerk,Front View,Jerk Phase,Detected,165.17,164.09,179.59,173.81,177.12,153.75,52.29,53.11,43.15,45.35,0.66,3.32,3.338,False,,,,,,,,,,,,,,,
42.719,Weightlifting,Clean & Jerk,Front View,Jerk Phase,Detected,165.92,164.09,178.83,173.81,178.83,153.75,53.59,54.27,44.31,46.46,0.67,3.32,3.338,False,,,,,,,,,,,,,,,
42.782,Weightlifting,Clean & Jerk,Front View,Jerk Phase,Detected,165.92,164.09,178.83,173.81,175.48,153.75,53.59,54.27,44.31,44.55,0.67,3.338,3.338,False,,,,,,,,,,,,,,,
42.845,Weightlifting,Clean & Jerk,Front View,Jerk Phase,Detected,165.92,164.09,178.83,173.74,175.48,152.32,53.59,54.27,44.31,44.55,0.67,3.338,3.338,False,,,,,,,,,,,,,,,
42.907,Weightlifting,Clean & Jerk,Front View,Jerk Phase,Detected,165.17,164.09,179.48,173.74,176.16,152.32,52.29,54.27,43.09,44.55,0.66,3.356,3.375,False,,,,,,,,,,,,,,,
42.97,Weightlifting,Clean & Jerk,Front View,Jerk Phase,Detected,165.17,164.91,179.48,175.5,174.49,153.26,52.29,54.15,43.09,44.55,0.66,3.356,3.375,False,,,,,,,,,,,,,,,
43.032,Weightlifting,Clean & Jerk,Front View,Jerk Phase,Detected,165.28,164.91,179.69,175.5,170.74,153.26,52.29,54.15,43.09,44.43,0.66,3.32,3.32,False,,,,,,,,,,,,,,,
43.094,Weightlifting,Clean & Jerk,Front View,Jerk Phase,Detected,165.75,164.91,179.48,175.57,170.63,154.7,54.1,55.3,45.48,45.45,0.33,3.32,3.32,False,,,,,,,,,,,,,,,
43.157,Weightlifting,Clean & Jerk,Front View,Jerk Phase,Detected,165.75,164.91,179.48,175.57,170.63,152.49,54.1,55.3,45.48,45.45,0.33,3.284,3.302,False,,,,,,,,,,,,,,,
43.219,Weightlifting,Clean & Jerk,Front View,Jerk Phase,Detected,165.75,164.77,179.48,175.36,173.78,154.62,54.1,55.3,45.48,45.45,0.33,3.284,3.302,False,,,,,,,,,,,,,,,
43.281,Weightlifting,Clean & Jerk,Front View,Jerk Phase,Detected,165.75,164.77,179.48,175.36,173.78,154.62,54.1,55.3,45.48,45.45,0.33,3.338,3.338,False,,,,,,,,,,,,,,,
43.343,Weightlifting,Clean & Jerk,Front View,Jerk Phase,Detected,164.26,164.97,178.65,175.71,173.78,154.7,54.76,55.37,45.48,45.45,0.67,3.338,3.338,False,,,,,,,,,,,,,,,
43.408,Weightlifting,Clean & Jerk,Front View,Jerk Phase,Detected,164.26,164.97,178.65,175.71,173.78,154.7,54.76,55.37,45.48,45.45,0.67,3.32,3.338,False,,,,,,,,,,,,,,,
43.47,Weightlifting,Clean & Jerk,Front View,Jerk Phase,Detected,164.26,164.91,178.65,175.5,173.78,151.78,53.59,56.3,46.22,46.44,0.67,3.32,3.338,False,,,,,,,,,,,,,,,
43.542,Weightlifting,Clean & Jerk,Front View,Jerk Phase,Detected,164.35,164.91,178.76,175.5,177.12,149.47,53.51,56.3,46.22,48.48,0.66,3.356,3.375,False,,,,,,,,,,,,,,,
43.612,Weightlifting,Clean & Jerk,Front View,Jerk Phase,Detected,164.26,164.25,178.55,175.5,176.29,151.78,53.59,54.8,46.22,46.33,0.33,3.356,3.375,False,,,,,,,,,,,,,,,
43.675,Weightlifting,Clean & Jerk,Front View,Jerk Phase,Detected,164.26,164.25,178.55,175.5,176.29,151.78,52.37,54.8,45.0,46.33,0.33,3.356,3.375,False,,,,,,,,,,,,,,,
43.741,Weightlifting,Clean & Jerk,Front View,Jerk Phase,Detected,164.22,164.18,178.42,175.5,176.9,151.78,52.29,54.87,45.0,46.39,0.33,3.356,3.375,False,,,,,,,,,,,,,,,
43.8,Weightlifting,Clean & Jerk,Front View,Jerk Phase,Detected,164.35,164.25,178.65,175.57,177.01,151.86,52.29,53.68,45.0,43.54,0.33,3.356,3.356,False,,,,,,,,,,,,,,,
43.864,Weightlifting,Clean & Jerk,Front View,Jerk Phase,Detected,164.26,164.25,178.65,175.57,177.01,149.55,53.59,53.68,46.22,45.27,0.33,3.356,3.356,False,,,,,,,,,,,,,,,
43.925,Weightlifting,Clean & Jerk,Front View,Jerk Phase,Detected,164.26,164.18,178.65,175.5,176.4,149.47,53.59,53.75,46.22,47.12,0.34,3.375,3.375,False,,,,,,,,,,,,,,,
43.988,Weightlifting,Clean & Jerk,Front View,Jerk Phase,Detected,164.14,165.66,178.42,176.32,176.29,149.47,53.59,50.97,46.22,45.0,0.67,3.375,3.375,False,,,,,,,,,,,,,,,
44.05,Weightlifting,Clean & Jerk,Front View,Jerk Phase,Detected,164.17,165.66,178.55,176.32,176.9,149.47,51.24,49.89,45.76,45.77,0.67,3.356,3.356,False,,,,,,,,,,,,,,,
44.109,Weightlifting,Clean & Jerk,Front View,Jerk Phase,Detected,164.17,165.66,178.55,176.32,179.8,151.0,51.24,49.89,45.83,45.77,0.67,3.356,3.356,False,,,,,,,,,,,,,,,
44.174,Weightlifting,Clean & Jerk,Front View,Jerk Phase,Detected,164.17,165.66,178.55,176.32,179.8,151.0,51.24,49.89,43.78,45.71,0.67,3.375,3.356,False,,,,,,,,,,,,,,,
44.234,Weightlifting,Clean & Jerk,Front View,Jerk Phase,Detected,164.17,165.66,178.55,176.32,176.9,151.0,51.24,48.77,43.78,46.49,0.67,3.375,3.356,False,,,,,,,,,,,,,,,
44.297,Weightlifting,Clean & Jerk,Front View,Jerk Phase,Detected,164.26,165.66,178.65,176.32,173.78,149.47,51.15,48.77,43.78,46.49,0.67,3.356,3.356,False,,,,,,,,,,,,,,,
44.359,Weightlifting,Clean & Jerk,Front View,Jerk Phase,Detected,164.26,165.66,178.65,176.32,173.78,149.47,51.15,48.77,43.78,46.49,0.67,3.356,3.356,False,,,,,,,,,,,,,,,
44.422,Weightlifting,Clean & Jerk,Front View,Jerk Phase,Detected,164.26,165.66,178.65,176.32,173.78,149.47,51.15,48.77,45.9,46.49,0.67,3.338,3.338,False,,,,,,,,,,,,,,,
44.485,Weightlifting,Clean & Jerk,Front View,Jerk Phase,Detected,164.29,165.66,178.77,176.32,170.63,149.47,51.24,49.89,45.9,47.61,0.67,3.338,3.338,False,,,,,,,,,,,,,,,
44.547,Weightlifting,Clean & Jerk,Front View,Jerk Phase,Detected,164.17,165.66,178.55,176.32,170.52,149.47,51.24,49.89,45.83,47.61,0.67,3.375,3.375,False,,,,,,,,,,,,,,,
44.61,Weightlifting,Clean & Jerk,Front View,Jerk Phase,Detected,164.29,165.66,178.77,176.32,166.46,149.47,51.24,49.89,43.78,47.61,0.67,3.375,3.375,False,,,,,,,,,,,,,,,
44.672,Weightlifting,Clean & Jerk,Front View,Jerk Phase,Detected,163.48,165.66,177.09,176.32,165.59,149.47,51.24,49.89,43.78,47.61,0.67,3.284,3.302,False,,,,,,,,,,,,,,,
44.735,Weightlifting,Clean & Jerk,Front View,Jerk Phase,Detected,163.48,165.66,177.09,176.32,169.76,149.47,51.24,49.89,43.78,47.61,0.67,3.284,3.302,False,,,,,,,,,,,,,,,
44.797,Weightlifting,Clean & Jerk,Front View,Jerk Phase,Detected,163.48,165.66,177.09,176.32,172.91,149.47,51.24,50.97,43.78,46.85,0.67,3.393,3.375,False,,,,,,,,,,,,,,,
44.86,Weightlifting,Clean & Jerk,Front View,Jerk Phase,Detected,164.17,165.66,178.55,176.32,173.67,151.78,51.24,50.97,43.78,46.85,0.67,3.393,3.375,False,,,,,,,,,,,,,,,
44.921,Weightlifting,Clean & Jerk,Front View,Jerk Phase,Detected,164.17,165.66,178.55,176.32,176.9,151.78,50.07,50.97,42.61,46.85,0.67,3.338,3.338,False,,,,,,,,,,,,,,,
44.983,Weightlifting,Clean & Jerk,Front View,Jerk Phase,Detected,164.17,165.66,178.65,176.32,179.32,151.78,50.07,50.97,42.61,46.85,0.67,3.338,3.338,False,,,,,,,,,,,,,,,
45.047,Weightlifting,Clean & Jerk,Front View,Jerk Phase,Detected,164.17,165.66,178.65,176.32,179.32,151.78,50.07,50.97,42.61,46.85,0.67,3.32,3.338,False,,,,,,,,,,,,,,,
45.11,Weightlifting,Clean & Jerk,Front View,Jerk Phase,Detected,164.17,165.66,178.65,176.32,177.55,151.78,51.24,52.02,43.78,44.19,0.67,3.32,3.338,False,,,,,,,,,,,,,,,
45.173,Weightlifting,Clean & Jerk,Front View,Jerk Phase,Detected,164.26,165.66,178.65,176.32,174.49,151.78,48.72,52.02,43.39,42.35,0.67,3.375,3.375,False,,,,,,,,,,,,,,,
45.235,Weightlifting,Clean & Jerk,Front View,Jerk Phase,Detected,164.26,165.66,178.65,176.32,174.49,149.47,49.99,52.02,42.61,42.35,0.67,3.375,3.375,False,,,,,,,,,,,,,,,
45.3,Weightlifting,Clean & Jerk,Front View,Jerk Phase,Detected,164.26,165.66,177.78,176.32,170.62,149.47,49.99,52.02,42.61,42.47,0.67,3.356,3.356,False,,,,,,,,,,,,,,,
45.361,Weightlifting,Clean & Jerk,Front View,Jerk Phase,Detected,164.26,165.66,177.78,176.32,170.62,149.47,49.99,52.02,42.61,42.35,0.67,3.356,3.356,False,,,,,,,,,,,,,,,
45.422,Weightlifting,Clean & Jerk,Front View,Jerk Phase,Detected,164.26,165.66,177.78,176.32,173.62,149.47,49.99,52.02,42.61,42.35,0.67,3.431,3.451,False,,,,,,,,,,,,,,,
45.486,Weightlifting,Clean & Jerk,Front View,Jerk Phase,Detected,164.92,165.66,178.65,176.32,174.49,149.47,50.54,50.97,43.83,43.15,0.34,3.431,3.451,False,,,,,,,,,,,,,,,
45.548,Weightlifting,Clean & Jerk,Front View,Jerk Phase,Detected,165.04,165.66,178.88,176.32,174.6,149.47,49.32,50.97,44.59,43.15,0.34,3.356,3.356,False,,,,,,,,,,,,,,,
45.609,Weightlifting,Clean & Jerk,Front View,Jerk Phase,Detected,165.04,165.66,178.88,176.32,174.6,149.47,49.32,52.06,44.59,44.23,0.34,3.356,3.356,False,,,,,,,,,,,,,,,
45.673,Weightlifting,Clean & Jerk,Front View,Jerk Phase,Detected,165.04,164.84,178.88,174.56,173.88,148.53,49.32,52.06,44.66,44.23,0.34,3.393,3.393,False,,,,,,,,,,,,,,,
45.734,Weightlifting,Clean & Jerk,Front View,Jerk Phase,Detected,164.92,164.84,178.65,174.56,179.69,148.53,49.32,53.1,44.59,43.43,0.34,3.393,3.393,False,,,,,,,,,,,,,,,
45.797,Weightlifting,Clean & Jerk,Front View,Jerk Phase,Detected,164.92,164.18,178.65,174.56,179.32,148.53,49.32,52.71,44.59,44.23,0.0,3.338,3.338,False,,,,,,,,,,,,,,,
45.86,Weightlifting,Clean & Jerk,Front View,Jerk Phase,Detected,164.88,164.18,178.42,174.56,179.8,148.53,49.25,51.63,44.59,43.15,0.0,3.338,3.338,False,,,,,,,,,,,,,,,
45.922,Weightlifting,Clean & Jerk,Front View,Jerk Phase,Detected,164.88,164.18,178.42,174.56,179.8,148.53,49.25,50.51,44.59,43.88,0.0,3.451,3.431,False,,,,,,,,,,,,,,,
45.985,Weightlifting,Clean & Jerk,Front View,Jerk Phase,Detected,164.88,164.18,178.42,174.56,179.8,148.53,49.25,50.51,44.59,43.88,0.0,3.451,3.431,False,,,,,,,,,,,,,,,
46.047,Weightlifting,Clean & Jerk,Front View,Jerk Phase,Detected,164.88,164.18,178.42,174.56,179.8,148.53,49.25,50.51,44.59,43.88,0.0,3.412,3.412,False,,,,,,,,,,,,,,,
46.11,Weightlifting,Clean & Jerk,Front View,Jerk Phase,Detected,164.88,164.77,178.42,174.43,179.8,148.53,49.25,50.91,44.59,45.0,0.33,3.412,3.412,False,,,,,,,,,,,,,,,
46.172,Weightlifting,Clean & Jerk,Front View,Jerk Phase,Detected,164.88,164.77,178.42,174.43,179.8,148.53,49.25,50.91,44.66,45.0,0.33,3.375,3.375,False,,,,,,,,,,,,,,,
46.234,Weightlifting,Clean & Jerk,Front View,Jerk Phase,Detected,164.88,164.25,178.42,174.63,173.67,148.6,47.98,50.43,45.58,45.79,0.0,3.375,3.375,False,,,,,,,,,,,,,,,
46.296,Weightlifting,Clean & Jerk,Front View,Jerk Phase,Detected,164.88,164.25,178.42,174.63,172.87,148.6,47.98,50.43,45.58,45.79,0.0,3.451,3.431,False,,,,,,,,,,,,,,,
46.358,Weightlifting,Clean & Jerk,Front View,Jerk Phase,Detected,164.88,164.31,178.42,174.76,172.87,148.6,47.98,49.43,45.58,44.71,0.0,3.451,3.431,False,,,,,,,,,,,,,,,
46.421,Weightlifting,Clean & Jerk,Front View,Jerk Phase,Detected,164.88,164.31,178.42,174.76,173.67,148.6,47.98,49.43,45.58,44.71,0.0,3.431,3.412,False,,,,,,,,,,,,,,,
46.484,Weightlifting,Clean & Jerk,Front View,Jerk Phase,Detected,165.0,164.18,178.65,174.56,172.98,148.53,46.87,49.43,44.47,44.71,0.0,3.431,3.412,False,,,,,,,,,,,,,,,
46.544,Weightlifting,Clean & Jerk,Front View,Jerk Phase,Detected,165.0,164.84,178.65,174.56,172.98,148.53,46.87,49.89,44.47,45.83,0.33,3.431,3.412,False,,,,,,,,,,,,,,,
46.606,Weightlifting,Clean & Jerk,Front View,Jerk Phase,Detected,164.8,164.84,178.42,174.56,172.87,148.53,49.32,48.85,44.74,44.73,0.34,3.431,3.412,False,,,,,,,,,,,,,,,
46.671,Weightlifting,Clean & Jerk,Front View,Jerk Phase,Detected,165.52,164.84,179.89,174.56,173.61,148.53,49.32,48.85,44.74,44.73,0.34,3.412,3.412,False,,,,,,,,,,,,,,,
46.733,Weightlifting,Clean & Jerk,Front View,Jerk Phase,Detected,164.8,164.84,178.42,174.56,172.87,148.53,49.32,48.85,44.74,44.73,0.34,3.412,3.412,False,,,,,,,,,,,,,,,
46.795,Weightlifting,Clean & Jerk,Front View,Jerk Phase,Detected,164.8,164.84,178.42,174.56,173.67,148.53,49.32,49.93,44.74,43.96,0.34,3.412,3.393,False,,,,,,,,,,,,,,,
46.855,Weightlifting,Clean & Jerk,Front View,Jerk Phase,Detected,164.8,164.84,178.53,174.56,177.55,148.53,49.32,49.93,44.74,43.96,0.34,3.412,3.393,False,,,,,,,,,,,,,,,
46.918,Weightlifting,Clean & Jerk,Front View,Jerk Phase,Detected,164.14,164.84,178.53,174.56,177.55,148.53,48.72,49.93,43.47,43.96,0.67,3.356,3.375,False,,,,,,,,,,,,,,,
46.982,Weightlifting,Clean & Jerk,Front View,Jerk Phase,Detected,164.8,164.84,178.53,174.56,177.55,148.53,49.32,48.85,44.59,44.73,0.34,3.356,3.375,False,,,,,,,,,,,,,,,
47.043,Weightlifting,Clean & Jerk,Front View,Jerk Phase,Detected,164.8,164.84,178.53,174.56,177.55,148.53,49.32,49.89,44.52,45.83,0.34,3.302,3.32,False,,,,,,,,,,,,,,,
47.106,Weightlifting,Clean & Jerk,Front View,Jerk Phase,Detected,164.85,164.84,178.65,174.56,177.55,148.53,49.4,49.89,44.52,45.83,0.34,3.302,3.32,False,,,,,,,,,,,,,,,
47.168,Weightlifting,Clean & Jerk,Front View,Jerk Phase,Detected,164.72,164.84,178.42,174.56,177.45,148.53,49.4,49.89,44.52,45.83,0.34,3.412,3.412,False,,,,,,,,,,,,,,,
47.231,Weightlifting,Clean & Jerk,Front View,Jerk Phase,Detected,163.22,166.32,177.59,175.39,177.45,150.06,50.07,50.31,44.52,45.0,1.01,3.412,3.412,False,,,,,,,,,,,,,,,
47.3,Weightlifting,Clean & Jerk,Front View,Jerk Phase,Detected,163.35,166.32,177.83,175.39,179.32,150.06,50.07,50.31,44.52,45.0,1.01,3.393,3.393,False,,,,,,,,,,,,,,,
47.37,Weightlifting,Clean & Jerk,Front View,Jerk Phase,Detected,163.35,166.32,177.72,175.39,167.47,150.06,50.07,50.31,44.52,45.0,1.01,3.393,3.393,False,,,,,,,,,,,,,,,
47.433,Weightlifting,Clean & Jerk,Front View,Jerk Phase,Detected,163.35,166.32,177.72,175.39,164.53,150.06,50.07,50.31,44.52,45.0,1.01,3.412,3.412,False,,,,,,,,,,,,,,,
47.496,Weightlifting,Clean & Jerk,Front View,Jerk Phase,Detected,163.35,166.32,177.72,175.39,170.52,150.06,50.07,50.31,44.59,43.21,1.01,3.412,3.412,False,,,,,,,,,,,,,,,
47.558,Weightlifting,Clean & Jerk,Front View,Jerk Phase,Detected,164.17,166.32,179.4,175.39,174.52,152.32,50.07,50.31,44.59,43.21,1.01,3.412,3.412,False,,,,,,,,,,,,,,,
47.619,Weightlifting,Clean & Jerk,Front View,Jerk Phase,Detected,164.17,166.32,179.4,175.39,174.52,152.32,50.07,50.31,44.59,43.15,1.01,3.412,3.412,False,,,,,,,,,,,,,,,
47.682,Weightlifting,Clean & Jerk,Front View,Jerk Phase,Detected,164.14,166.32,179.28,175.39,177.76,152.32,49.99,51.4,44.59,44.17,1.01,3.49,3.47,False,,,,,,,,,,,,,,,
47.743,Weightlifting,Clean & Jerk,Front View,Jerk Phase,Detected,164.14,166.26,179.28,175.26,177.76,152.32,49.99,50.25,44.59,45.0,1.0,3.49,3.47,False,,,,,,,,,,,,,,,
47.806,Weightlifting,Clean & Jerk,Front View,Jerk Phase,Detected,164.14,166.26,179.28,175.26,177.15,150.85,49.99,50.25,44.59,43.09,1.0,3.431,3.412,False,,,,,,,,,,,,,,,
47.869,Weightlifting,Clean & Jerk,Front View,Jerk Phase,Detected,164.14,166.26,179.28,175.26,173.73,150.85,49.99,50.25,44.59,43.09,1.0,3.431,3.412,False,,,,,,,,,,,,,,,
47.933,Weightlifting,Clean & Jerk,Front View,Jerk Phase,Detected,163.3,166.26,177.59,175.26,169.56,150.85,49.99,50.25,44.59,43.09,1.0,3.451,3.451,False,,,,,,,,,,,,,,,
47.994,Weightlifting,Clean & Jerk,Front View,Jerk Phase,Detected,163.3,166.26,177.59,175.26,173.67,150.85,49.99,50.25,44.59,43.09,1.0,3.451,3.451,False,,,,,,,,,,,,,,,
48.057,Weightlifting,Clean & Jerk,Front View,Jerk Phase,Detected,163.3,166.26,177.59,175.26,173.67,150.85,49.99,49.13,44.59,43.88,1.0,3.49,3.51,False,,,,,,,,,,,,,,,
48.12,Weightlifting,Clean & Jerk,Front View,Jerk Phase,Detected,163.3,166.32,177.59,175.39,172.87,148.53,49.99,48.11,44.59,42.8,1.01,3.49,3.51,False,,,,,,,,,,,,,,,
48.18,Weightlifting,Clean & Jerk,Front View,Jerk Phase,Detected,164.17,166.32,179.4,175.39,170.41,148.53,50.07,48.11,44.66,42.8,1.01,3.412,3.412,False,,,,,,,,,,,,,,,
48.242,Weightlifting,Clean & Jerk,Front View,Jerk Phase,Detected,164.17,166.32,179.4,175.39,173.73,148.53,50.07,49.19,44.66,45.79,1.01,3.412,3.412,False,,,,,,,,,,,,,,,
48.306,Weightlifting,Clean & Jerk,Front View,Jerk Phase,Detected,164.14,166.32,179.28,175.39,173.73,148.53,49.99,50.31,44.66,46.97,1.01,3.49,3.49,False,,,,,,,,,,,,,,,
48.37,Weightlifting,Clean & Jerk,Front View,Jerk Phase,Detected,164.14,166.32,179.28,175.39,177.15,148.53,49.99,50.31,44.66,46.97,1.01,3.49,3.49,False,,,,,,,,,,,,,,,
48.431,Weightlifting,Clean & Jerk,Front View,Jerk Phase,Detected,163.48,166.26,179.28,175.26,177.15,148.53,49.38,49.13,43.47,45.79,1.33,3.51,3.49,False,,,,,,,,,,,,,,,
48.49,Weightlifting,Clean & Jerk,Front View,Jerk Phase,Detected,164.14,166.32,179.28,175.39,179.36,148.53,49.99,48.02,44.74,46.52,1.01,3.51,3.49,False,,,,,,,,,,,,,,,
48.554,Weightlifting,Clean & Jerk,Front View,Jerk Phase,Detected,164.17,166.32,179.4,175.39,179.36,148.53,50.07,48.02,44.66,46.52,1.01,3.431,3.431,False,,,,,,,,,,,,,,,
48.618,Weightlifting,Clean & Jerk,Front View,Jerk Phase,Detected,164.14,166.32,179.28,175.39,177.76,148.53,49.99,48.02,44.74,46.52,1.01,3.431,3.431,False,,,,,,,,,,,,,,,
48.678,Weightlifting,Clean & Jerk,Front View,Jerk Phase,Detected,164.14,166.2,179.28,175.2,177.76,148.47,49.99,46.95,44.74,43.48,1.01,3.431,3.412,False,,,,,,,,,,,,,,,
48.743,Weightlifting,Clean & Jerk,Front View,Jerk Phase,Detected,164.14,166.2,179.28,174.28,177.76,147.55,49.99,46.95,44.66,43.48,1.01,3.431,3.412,False,,,,,,,,,,,,,,,
48.803,Weightlifting,Clean & Jerk,Front View,Jerk Phase,Detected,164.14,166.2,179.28,174.28,177.76,147.55,49.99,46.95,44.66,43.48,1.01,3.51,3.49,False,,,,,,,,,,,,,,,
48.865,Weightlifting,Clean & Jerk,Front View,Jerk Phase,Detected,164.14,166.2,179.28,175.26,177.76,152.32,49.99,48.11,44.66,42.8,1.01,3.51,3.49,False,,,,,,,,,,,,,,,
48.927,Weightlifting,Clean & Jerk,Front View,Jerk Phase,Detected,164.14,166.2,179.28,175.26,177.76,152.32,49.99,48.11,44.66,42.8,1.01,3.412,3.412,False,,,,,,,,,,,,,,,
48.989,Weightlifting,Clean & Jerk,Front View,Jerk Phase,Detected,162.64,166.2,177.59,175.26,176.9,152.32,49.38,48.11,43.39,44.65,1.34,3.412,3.412,False,,,,,,,,,,,,,,,
49.053,Weightlifting,Clean & Jerk,Front View,Jerk Phase,Detected,162.64,166.2,177.59,175.26,173.67,152.32,49.38,47.07,43.39,43.55,1.34,3.51,3.531,False,,,,,,,,,,,,,,,
49.111,Weightlifting,Clean & Jerk,Front View,Jerk Phase,Detected,162.64,166.2,177.59,175.26,176.9,152.32,49.38,48.11,43.39,44.65,1.34,3.51,3.531,False,,,,,,,,,,,,,,,
49.173,Weightlifting,Clean & Jerk,Front View,Jerk Phase,Detected,162.64,166.2,177.59,175.26,176.9,152.32,49.38,48.11,43.39,46.61,1.34,3.49,3.47,False,,,,,,,,,,,,,,,
49.235,Weightlifting,Clean & Jerk,Front View,Jerk Phase,Detected,162.64,166.2,177.59,175.26,169.56,152.32,49.38,48.11,43.39,44.65,1.34,3.49,3.47,False,,,,,,,,,,,,,,,
49.297,Weightlifting,Clean & Jerk,Front View,Jerk Phase,Detected,162.64,166.2,177.59,175.26,166.36,152.32,49.38,49.19,43.39,43.88,1.34,3.51,3.51,False,,,,,,,,,,,,,,,
49.365,Weightlifting,Clean & Jerk,Front View,Jerk Phase,Detected,162.64,166.2,177.59,174.33,169.56,146.98,49.38,49.19,43.39,43.88,1.34,3.51,3.51,False,,,,,,,,,,,,,,,
49.422,Weightlifting,Clean & Jerk,Front View,Jerk Phase,Detected,162.64,166.2,177.69,174.33,173.78,146.98,49.38,49.19,43.39,43.88,1.34,3.49,3.451,False,,,,,,,,,,,,,,,
49.486,Weightlifting,Clean & Jerk,Front View,Jerk Phase,Detected,162.64,166.2,177.69,174.33,173.78,146.98,49.38,49.19,43.39,43.88,1.34,3.49,3.451,False,,,,,,,,,,,,,,,
49.546,Weightlifting,Clean & Jerk,Front View,Jerk Phase,Detected,162.64,166.2,177.69,174.33,173.78,146.98,49.38,49.19,43.39,43.88,1.34,3.551,3.531,False,,,,,,,,,,,,,,,
49.608,Weightlifting,Clean & Jerk,Front View,Jerk Phase,Detected,162.64,166.2,177.59,174.33,172.87,146.98,49.38,55.08,43.26,47.72,1.34,3.551,3.531,False,,,,,,,,,,,,,,,
49.671,Weightlifting,Clean & Jerk,Front View,Jerk Phase,Detected,162.64,166.13,177.59,174.2,172.87,146.98,50.65,56.33,42.61,48.95,1.33,3.431,3.412,False,,,,,,,,,,,,,,,
49.735,Weightlifting,Clean & Jerk,Front View,Jerk Phase,Detected,162.64,166.13,177.59,174.2,172.87,146.98,49.38,56.33,43.32,48.95,1.33,3.431,3.412,False,,,,,,,,,,,,,,,
49.798,Weightlifting,Clean & Jerk,Front View,Jerk Phase,Detected,162.64,166.26,177.59,174.37,172.87,149.17,49.38,55.02,43.39,47.72,1.33,3.49,3.49,False,,,,,,,,,,,,,,,
49.859,Weightlifting,Clean & Jerk,Front View,Jerk Phase,Detected,162.64,166.26,177.59,175.33,169.56,150.12,49.38,56.08,43.32,46.74,1.33,3.49,3.49,False,,,,,,,,,,,,,,,
49.92,Weightlifting,Clean & Jerk,Front View,Jerk Phase,Detected,162.64,166.26,177.59,175.33,169.56,150.12,49.38,56.08,43.32,46.74,1.33,3.47,3.451,False,,,,,,,,,,,,,,,
49.984,Weightlifting,Clean & Jerk,Front View,Jerk Phase,Detected,162.64,166.26,177.59,175.33,166.36,150.12,49.38,54.83,43.32,45.49,1.33,3.47,3.451,False,,,,,,,,,,,,,,,
50.046,Weightlifting,Clean & Jerk,Front View,Jerk Phase,Detected,162.64,164.77,177.59,174.49,166.36,150.12,49.38,53.2,43.32,45.32,1.0,3.51,3.51,False,,,,,,,,,,,,,,,
50.11,Weightlifting,Clean & Jerk,Front View,Jerk Phase,Detected,164.14,164.77,178.42,174.49,172.87,152.38,48.72,53.2,43.32,45.32,0.67,3.531,3.51,False,,,,,,,,,,,,,,,
50.172,Weightlifting,Clean & Jerk,Front View,Jerk Phase,Detected,164.14,164.77,178.42,174.49,176.29,152.38,48.72,54.41,43.26,46.46,0.67,3.431,3.451,False,,,,,,,,,,,,,,,
50.237,Weightlifting,Clean & Jerk,Front View,Jerk Phase,Detected,164.14,165.6,178.42,176.27,176.29,153.33,48.72,52.08,43.26,46.17,0.67,3.431,3.451,False,,,,,,,,,,,,,,,
50.3,Weightlifting,Clean & Jerk,Front View,Jerk Phase,Detected,164.14,165.6,178.42,176.27,172.87,153.33,48.72,52.08,43.26,44.19,0.67,3.51,3.51,False,,,,,,,,,,,,,,,
50.363,Weightlifting,Clean & Jerk,Front View,Jerk Phase,Detected,164.89,165.54,179.89,176.2,178.94,155.63,48.81,48.59,43.26,44.59,0.67,3.51,3.51,False,,,,,,,,,,,,,,,
50.426,Weightlifting,Clean & Jerk,Front View,Jerk Phase,Detected,164.77,165.41,179.89,176.0,179.06,155.56,48.81,48.59,43.2,44.66,0.67,3.412,3.412,False,,,,,,,,,,,,,,,
50.49,Weightlifting,Clean & Jerk,Front View,Jerk Phase,Detected,164.77,165.41,179.89,176.0,179.06,155.56,49.97,49.76,44.42,45.83,0.67,3.412,3.412,False,,,,,,,,,,,,,,,
50.552,Weightlifting,Clean & Jerk,Front View,Jerk Phase,Detected,164.77,165.41,179.89,176.0,179.06,155.56,49.97,49.76,44.42,45.76,0.67,3.531,3.51,False,,,,,,,,,,,,,,,
50.614,Weightlifting,Clean & Jerk,Front View,Jerk Phase,Detected,164.77,165.54,179.89,176.12,179.06,155.56,51.24,49.81,43.78,43.83,0.67,3.531,3.51,False,,,,,,,,,,,,,,,
50.678,Weightlifting,Clean & Jerk,Front View,Jerk Phase,Detected,164.86,165.54,179.89,176.12,179.06,155.56,49.99,49.81,42.61,45.74,0.67,3.412,3.412,False,,,,,,,,,,,,,,,
50.74,Weightlifting,Clean & Jerk,Front View,Jerk Phase,Detected,164.86,165.54,179.89,176.12,174.41,155.56,49.99,49.81,42.61,43.83,0.67,3.412,3.412,False,,,,,,,,,,,,,,,
50.806,Weightlifting,Clean & Jerk,Front View,Jerk Phase,Detected,164.86,166.07,179.89,175.92,171.26,155.48,49.99,50.31,42.61,45.0,1.01,3.431,3.431,False,,,,,,,,,,,,,,,
50.866,Weightlifting,Clean & Jerk,Front View,Jerk Phase,Detected,164.86,166.07,180.0,175.92,169.33,155.48,49.99,50.31,42.61,45.0,1.01,3.431,3.431,False,,,,,,,,,,,,,,,
50.929,Weightlifting,Clean & Jerk,Front View,Jerk Phase,Detected,164.86,166.07,180.0,175.92,169.33,155.48,49.99,51.48,42.61,46.17,1.01,3.412,3.412,False,,,,,,,,,,,,,,,
50.991,Weightlifting,Clean & Jerk,Front View,Jerk Phase,Detected,164.86,166.92,180.0,177.68,168.33,156.39,49.99,52.61,42.61,45.38,1.01,3.412,3.412,False,,,,,,,,,,,,,,,
51.054,Weightlifting,Clean & Jerk,Front View,Jerk Phase,Detected,164.89,166.92,179.89,177.68,168.33,156.39,50.07,53.68,42.61,44.55,1.01,3.51,3.51,False,,,,,,,,,,,,,,,
51.118,Weightlifting,Clean & Jerk,Front View,Jerk Phase,Detected,164.89,166.26,179.89,177.68,165.39,156.39,50.07,52.14,42.61,44.26,0.67,3.51,3.51,False,,,,,,,,,,,,,,,
51.179,Weightlifting,Clean & Jerk,Front View,Jerk Phase,Detected,164.89,166.26,179.04,177.68,169.18,156.39,50.07,52.14,42.61,46.17,0.67,3.393,3.393,False,,,,,,,,,,,,,,,
51.24,Weightlifting,Clean & Jerk,Front View,Jerk Phase,Detected,164.89,166.26,179.89,177.68,157.3,154.01,50.07,53.26,42.61,45.32,0.67,3.393,3.393,False,,,,,,,,,,,,,,,
51.304,Weightlifting,Clean & Jerk,Front View,Jerk Phase,Detected,164.89,166.97,179.89,177.79,154.86,154.01,50.07,53.74,42.61,46.46,1.02,3.51,3.51,False,,,,,,,,,,,,,,,
51.366,Weightlifting,Clean & Jerk,Front View,Jerk Phase,Detected,164.89,166.97,179.89,177.79,153.26,156.39,51.24,54.95,43.78,47.6,1.02,3.51,3.51,False,,,,,,,,,,,,,,,
51.428,Weightlifting,Clean & Jerk,Front View,Jerk Phase,Detected,164.05,166.97,178.42,177.79,152.4,156.39,51.24,55.14,43.78,49.76,1.02,3.451,3.451,False,,,,,,,,,,,,,,,
51.489,Weightlifting,Clean & Jerk,Front View,Jerk Phase,Detected,164.05,165.47,178.42,176.95,159.01,156.39,51.24,55.81,43.78,49.76,0.68,3.451,3.451,False,,,,,,,,,,,,,,,
51.554,Weightlifting,Clean & Jerk,Front View,Jerk Phase,Detected,164.05,165.47,178.53,176.05,163.05,153.11,51.24,54.55,43.78,48.5,0.68,3.431,3.431,False,,,,,,,,,,,,,,,
51.614,Weightlifting,Clean & Jerk,Front View,Jerk Phase,Detected,164.26,164.7,179.64,175.29,155.1,153.18,51.15,54.48,43.78,48.5,0.67,3.451,3.431,False,,,,,,,,,,,,,,,
51.677,Weightlifting,Clean & Jerk,Front View,Jerk Phase,Detected,164.26,164.84,179.64,175.5,152.79,153.26,51.15,53.26,43.78,47.29,0.67,3.49,3.47,False,,,,,,,,,,,,,,,
51.74,Weightlifting,Clean & Jerk,Front View,Jerk Phase,Detected,163.44,163.94,177.94,173.6,151.91,152.32,51.15,52.08,43.78,46.17,0.67,3.49,3.47,False,,,,,,,,,,,,,,,
51.802,Weightlifting,Clean & Jerk,Front View,Jerk Phase,Detected,163.44,163.94,177.94,173.6,151.91,152.32,51.15,52.08,43.78,46.17,0.67,3.49,3.47,False,,,,,,,,,,,,,,,
51.864,Weightlifting,Clean & Jerk,Front View,Jerk Phase,Detected,162.7,163.11,176.33,171.83,152.65,149.13,51.07,52.08,43.78,46.17,0.66,3.49,3.47,False,,,,,,,,,,,,,,,
51.927,Weightlifting,Clean & Jerk,Front View,Jerk Phase,Detected,164.18,163.11,177.15,171.83,152.65,149.13,50.41,52.08,43.78,48.21,0.33,3.531,3.51,False,,,,,,,,,,,,,,,
51.989,Weightlifting,Clean & Jerk,Front View,Jerk Phase,Detected,164.31,162.36,177.38,170.11,152.75,148.22,49.25,49.72,42.61,45.85,0.33,3.531,3.51,False,,,,,,,,,,,,,,,
52.053,Weightlifting,Clean & Jerk,Front View,Jerk Phase,Detected,163.36,162.36,175.52,170.08,154.1,148.19,50.41,49.76,43.78,43.92,0.33,3.593,3.572,False,,,,,,,,,,,,,,,
52.114,Weightlifting,Clean & Jerk,Front View,Jerk Phase,Detected,163.42,161.36,175.66,168.13,152.62,147.25,50.49,49.76,43.78,43.92,0.33,3.593,3.572,False,,,,,,,,,,,,,,,
52.174,Weightlifting,Clean & Jerk,Front View,Jerk Phase,Detected,162.54,160.47,173.79,166.37,154.15,146.31,50.41,50.91,43.78,45.0,0.33,3.51,3.551,False,,,,,,,,,,,,,,,
52.238,Weightlifting,Clean & Jerk,Front View,Jerk Phase,Detected,161.66,159.51,172.06,164.62,153.23,145.37,50.49,48.75,43.78,46.29,0.34,3.51,3.551,False,,,,,,,,,,,,,,,
52.299,Weightlifting,Clean & Jerk,Front View,Jerk Phase,Detected,161.57,158.7,171.89,162.87,155.79,142.28,49.25,48.75,42.61,48.24,0.34,3.551,3.551,False,,,,,,,,,,,,,,,
52.361,Weightlifting,Clean & Jerk,Front View,Jerk Phase,Detected,160.56,157.49,169.97,160.6,145.36,141.3,50.41,48.48,43.78,49.86,0.33,3.551,3.551,False,,,,,,,,,,,,,,,
52.423,Weightlifting,Clean & Jerk,Front View,Jerk Phase,Detected,160.67,156.6,170.2,158.83,143.34,141.81,49.22,49.77,44.49,51.08,0.34,3.551,3.572,False,,,,,,,,,,,,,,,
52.487,Weightlifting,Clean & Jerk,Front View,Jerk Phase,Detected,160.22,155.52,169.78,156.8,143.3,139.4,51.79,49.77,47.12,47.54,0.34,3.551,3.572,False,,,,,,,,,,,,,,,
52.551,Weightlifting,Clean & Jerk,Front View,Jerk Phase,Detected,160.1,155.24,169.54,156.52,141.54,137.36,49.11,51.04,46.63,48.81,0.34,3.636,3.636,False,,,,,,,,,,,,,,,
52.613,Weightlifting,Clean & Jerk,Front View,Jerk Phase,Detected,159.17,154.27,167.81,154.75,151.38,136.41,50.46,52.46,47.9,49.96,0.34,3.636,3.636,False,,,,,,,,,,,,,,,
52.675,Weightlifting,Clean & Jerk,Front View,Jerk Phase,Detected,158.25,154.27,166.05,154.66,153.03,138.36,50.54,52.46,47.75,49.85,0.35,3.551,3.614,False,,,,,,,,,,,,,,,
52.74,Weightlifting,Clean & Jerk,Front View,Jerk Phase,Detected,159.49,153.83,166.67,154.46,155.72,138.45,49.93,50.07,47.75,47.09,0.0,3.531,3.614,False,,,,,,,,,,,,,,,
52.808,Weightlifting,Clean & Jerk,Front View,Jerk Phase,Detected,158.16,153.13,164.43,152.16,156.04,135.58,51.26,49.35,51.12,45.47,0.35,3.636,3.572,False,,,,,,,,,,,,,,,
52.865,Weightlifting,Clean & Jerk,Front View,Jerk Phase,Detected,157.92,152.73,164.18,151.82,153.43,135.58,51.26,53.24,51.12,47.6,0.35,3.614,3.572,False,,,,,,,,,,,,,,,
52.927,Weightlifting,Clean & Jerk,Front View,Jerk Phase,Detected,156.92,151.16,162.11,149.45,151.18,136.26,47.12,50.64,47.12,45.0,0.35,3.451,3.47,False,,,,,,,,,,,,,,,
52.99,Weightlifting,Clean & Jerk,Front View,Jerk Phase,Detected,155.6,149.22,160.01,148.2,145.25,134.77,51.26,46.37,48.95,43.3,0.0,3.451,3.47,False,,,,,,,,,,,,,,,
53.053,Weightlifting,Clean & Jerk,Front View,Jerk Phase,Detected,154.91,149.06,160.01,148.2,145.25,134.77,47.96,46.53,44.82,43.3,0.36,3.49,3.412,False,,,,,,,,,,,,,,,
53.114,Weightlifting,Clean & Jerk,Front View,Jerk Phase,Detected,154.32,146.65,157.85,144.86,144.28,135.49,52.67,43.91,50.15,42.47,0.0,3.49,3.412,False,,,,,,,,,,,,,,,
53.178,Weightlifting,Clean & Jerk,Front View,Jerk Phase,Detected,153.18,145.68,155.69,143.08,144.82,134.6,52.6,45.08,50.28,45.18,0.0,3.431,3.412,False,,,,,,,,,,,,,,,
53.239,Weightlifting,Clean & Jerk,Front View,Jerk Phase,Detected,153.43,144.19,155.96,141.01,147.13,134.79,48.74,45.7,49.52,43.7,0.35,3.431,3.412,False,,,,,,,,,,,,,,,
53.301,Weightlifting,Clean & Jerk,Front View,Jerk Phase,Detected,152.29,144.19,153.71,141.17,147.4,133.55,47.27,47.07,50.1,43.5,0.35,3.451,3.431,False,,,,,,,,,,,,,,,
53.368,Weightlifting,Clean & Jerk,Front View,Jerk Phase,Detected,151.04,142.85,151.5,138.76,146.43,133.88,48.54,47.07,48.61,43.5,0.35,3.451,3.431,False,,,,,,,,,,,,,,,
53.433,Weightlifting,Clean & Jerk,Front View,Jerk Phase,Detected,151.33,143.25,151.77,139.07,146.34,133.7,49.94,48.31,49.72,44.76,0.36,3.451,3.431,False,,,,,,,,,,,,,,,
53.49,Weightlifting,Clean & Jerk,Front View,Jerk Phase,Detected,151.61,141.91,151.02,137.01,142.93,131.59,48.56,47.16,51.23,45.22,0.36,3.451,3.431,False,,,,,,,,,,,,,,,
53.552,Weightlifting,Clean & Jerk,Front View,Jerk Phase,Detected,151.69,142.41,150.9,137.31,142.81,131.39,49.94,47.16,50.18,45.39,0.36,3.412,3.47,False,,,,,,,,,,,,,,,
53.615,Weightlifting,Clean & Jerk,Front View,Jerk Phase,Detected,150.83,142.21,149.04,135.57,141.8,130.48,47.35,49.01,47.12,49.42,0.0,3.412,3.47,False,,,,,,,,,,,,,,,
53.675,Weightlifting,Clean & Jerk,Front View,Jerk Phase,Detected,149.6,142.29,146.97,135.36,140.96,130.27,46.15,48.93,45.71,49.42,0.0,3.412,3.431,False,,,,,,,,,,,,,,,
53.738,Weightlifting,Clean & Jerk,Front View,Jerk Phase,Detected,149.22,141.47,146.58,133.63,148.19,129.35,46.15,49.03,45.33,49.53,0.0,3.412,3.431,False,,,,,,,,,,,,,,,
53.802,Weightlifting,Clean & Jerk,Front View,Jerk Phase,Detected,150.09,141.04,148.3,133.12,152.58,129.35,46.15,47.84,47.16,49.86,0.0,3.49,3.451,False,,,,,,,,,,,,,,,
53.864,Weightlifting,Clean & Jerk,Front View,Jerk Phase,Detected,148.82,140.59,146.03,132.59,151.58,129.35,46.15,48.97,47.16,49.42,0.0,3.49,3.451,False,,,,,,,,,,,,,,,
53.925,Weightlifting,Clean & Jerk,Front View,Jerk Phase,Detected,148.82,140.05,145.86,132.96,148.91,132.27,46.15,51.26,45.16,48.47,0.0,3.49,3.431,False,,,,,,,,,,,,,,,
53.988,Weightlifting,Clean & Jerk,Front View,Jerk Phase,Detected,148.82,139.78,145.86,131.3,148.91,134.29,45.0,51.26,45.57,48.47,0.0,3.49,3.431,False,,,,,,,,,,,,,,,
54.05,Weightlifting,Clean & Jerk,Front View,Jerk Phase,Detected,148.89,139.17,145.7,131.3,148.74,134.29,44.92,49.58,45.57,46.18,0.35,3.49,3.47,False,,,,,,,,,,,,,,,
54.115,Weightlifting,Clean & Jerk,Front View,Jerk Phase,Detected,149.22,139.17,146.09,131.05,148.74,135.26,43.58,48.5,45.09,43.37,0.35,3.49,3.47,False,,,,,,,,,,,,,,,
54.176,Weightlifting,Clean & Jerk,Front View,Jerk Phase,Detected,149.22,138.62,146.09,130.75,148.74,135.51,43.58,48.5,45.09,43.37,0.35,3.47,3.49,False,,,,,,,,,,,,,,,
54.237,Weightlifting,Clean & Jerk,Front View,Jerk Phase,Detected,150.09,140.66,148.15,131.86,143.97,135.26,43.58,47.82,44.83,43.37,0.0,3.47,3.49,False,,,,,,,,,,,,,,,
54.3,Weightlifting,Clean & Jerk,Front View,Jerk Phase,Detected,150.16,140.66,148.3,131.86,144.11,133.25,43.5,47.82,44.83,45.1,0.0,3.51,3.431,False,,,,,,,,,,,,,,,
54.366,Weightlifting,Clean & Jerk,Front View,Jerk Phase,Detected,151.04,141.94,150.18,134.16,141.45,134.2,43.5,47.9,44.83,45.1,0.0,3.51,3.431,False,,,,,,,,,,,,,,,
54.427,Weightlifting,Clean & Jerk,Front View,Jerk Phase,Detected,152.21,141.94,152.44,134.16,140.19,134.2,43.58,49.06,44.83,44.53,0.0,3.393,3.451,False,,,,,,,,,,,,,,,
54.49,Weightlifting,Clean & Jerk,Front View,Jerk Phase,Detected,152.63,143.27,152.78,136.47,142.45,135.97,39.95,46.86,41.82,44.07,0.0,3.393,3.451,False,,,,,,,,,,,,,,,
54.553,Weightlifting,Clean & Jerk,Front View,Jerk Phase,Detected,153.76,143.75,154.99,135.98,145.84,132.94,38.54,44.68,40.94,43.61,0.0,3.51,3.356,False,,,,,,,,,,,,,,,
54.616,Weightlifting,Clean & Jerk,Front View,Jerk Phase,Detected,154.86,144.97,157.26,138.47,146.93,134.13,37.68,43.52,39.69,43.89,0.0,3.49,3.356,False,,,,,,,,,,,,,,,
54.68,Weightlifting,Clean & Jerk,Front View,Jerk Phase,Detected,154.56,144.19,157.1,139.62,145.66,135.29,37.68,44.31,39.69,42.23,0.36,3.393,3.393,False,,,,,,,,,,,,,,,
54.743,Weightlifting,Clean & Jerk,Front View,Jerk Phase,Detected,155.22,144.28,158.75,139.62,146.72,135.29,38.17,43.29,37.18,41.15,0.35,3.393,3.393,False,,,,,,,,,,,,,,,
54.804,Weightlifting,Clean & Jerk,Front View,Jerk Phase,Detected,156.13,145.55,160.6,141.85,147.66,137.5,39.57,43.29,36.7,41.15,0.35,3.431,3.393,False,,,,,,,,,,,,,,,
54.869,Weightlifting,Clean & Jerk,Front View,Jerk Phase,Detected,156.42,145.64,160.91,142.03,150.26,137.68,40.03,40.23,37.16,39.62,0.35,3.431,3.393,False,,,,,,,,,,,,,,,
54.937,Weightlifting,Clean & Jerk,Front View,Jerk Phase,Detected,156.42,146.48,160.94,143.97,148.82,138.78,40.45,38.17,37.48,39.13,0.35,3.338,3.393,False,,,,,,,,,,,,,,,
54.991,Weightlifting,Clean & Jerk,Front View,Jerk Phase,Detected,157.84,148.14,163.27,146.56,147.09,139.71,39.62,37.65,35.01,38.83,0.35,3.338,3.393,False,,,,,,,,,,,,,,,
55.054,Weightlifting,Clean & Jerk,Front View,Jerk Phase,Detected,158.79,149.28,163.52,148.72,147.09,140.65,39.76,39.39,37.81,40.25,0.71,3.356,3.356,False,,,,,,,,,,,,,,,
55.118,Weightlifting,Clean & Jerk,Front View,Jerk Phase,Detected,159.16,150.91,163.74,151.21,153.87,140.32,40.01,41.46,36.36,37.69,0.69,3.356,3.356,False,,,,,,,,,,,,,,,
55.177,Weightlifting,Clean & Jerk,Front View,Jerk Phase,Detected,159.23,151.15,163.74,152.99,153.87,141.27,39.95,40.82,36.42,36.45,1.03,3.431,3.412,False,,,,,,,,,,,,,,,
55.239,Weightlifting,Clean & Jerk,Front View,Jerk Phase,Detected,159.75,152.71,164.2,155.4,153.87,142.21,41.08,39.16,35.71,34.97,1.02,3.431,3.412,False,,,,,,,,,,,,,,,
55.301,Weightlifting,Clean & Jerk,Front View,Jerk Phase,Detected,159.75,153.63,164.2,157.19,151.18,141.81,41.95,39.84,36.57,35.84,1.01,3.302,3.393,False,,,,,,,,,,,,,,,
55.365,Weightlifting,Clean & Jerk,Front View,Jerk Phase,Detected,160.03,156.68,164.43,160.65,145.4,142.8,41.02,41.66,35.71,40.07,0.67,3.302,3.393,False,,,,,,,,,,,,,,,
55.427,Weightlifting,Clean & Jerk,Front View,Jerk Phase,Detected,158.7,157.73,163.84,161.71,139.29,140.8,41.75,44.79,35.71,41.47,0.34,3.338,3.375,False,,,,,,,,,,,,,,,
55.488,Weightlifting,Clean & Jerk,Front View,Jerk Phase,Detected,159.72,157.15,166.66,162.7,137.44,141.8,41.75,45.61,35.71,43.28,0.67,3.356,3.375,False,,,,,,,,,,,,,,,
55.55,Weightlifting,Clean & Jerk,Front View,Jerk Phase,Detected,159.05,157.28,166.67,162.95,135.91,141.83,42.07,49.55,33.39,43.73,0.34,3.302,3.338,False,,,,,,,,,,,,,,,
55.614,Weightlifting,Clean & Jerk,Front View,Jerk Phase,Detected,159.38,160.59,167.96,167.38,135.39,143.62,46.59,48.88,31.95,45.46,0.0,3.338,3.338,False,,,,,,,,,,,,,,,
55.676,Weightlifting,Clean & Jerk,Front View,Jerk Phase,Detected,159.17,159.92,167.73,167.38,133.9,140.19,47.7,52.46,33.56,45.0,0.34,3.165,3.165,False,,,,,,,,,,,,,,,
55.743,Weightlifting,Clean & Jerk,Front View,Jerk Phase,Detected,158.97,161.22,169.97,169.7,131.41,139.21,53.68,54.55,34.73,45.27,0.0,3.148,3.165,False,,,,,,,,,,,,,,,
55.803,Weightlifting,Clean & Jerk,Front View,Jerk Phase,Detected,158.98,161.29,170.18,169.86,129.84,140.74,54.87,56.55,34.71,45.54,0.0,3.249,3.249,False,,,,,,,,,,,,,,,
55.865,Weightlifting,Clean & Jerk,Front View,Jerk Phase,Detected,157.87,159.31,170.6,167.85,133.77,141.34,59.87,60.53,39.0,48.99,0.0,3.249,3.249,False,,,,,,,,,,,,,,,
55.927,Weightlifting,Clean & Jerk,Front View,Jerk Phase,Detected,156.18,159.23,167.87,167.66,132.12,142.7,59.51,60.43,38.05,50.49,0.35,3.249,3.266,False,,,,,,,,,,,,,,,
55.988,Weightlifting,Clean & Jerk,Front View,Jerk Phase,Detected,155.46,159.92,165.47,167.85,137.23,145.71,65.43,68.73,39.92,57.79,0.72,3.249,3.266,False,,,,,,,,,,,,,,,
56.05,Weightlifting,Clean & Jerk,Front View,Jerk Phase,Detected,155.6,162.35,165.72,168.69,137.29,149.74,66.76,67.29,41.14,58.01,1.42,3.266,3.302,False,,,,,,,,,,,,,,,
56.114,Weightlifting,Clean & Jerk,Front View,Jerk Phase,Detected,155.46,162.44,163.61,167.96,145.34,150.66,73.84,73.59,43.8,61.46,1.42,3.266,3.302,False,,,,,,,,,,,,,,,
56.175,Weightlifting,Clean & Jerk,Front View,Jerk Phase,Detected,155.35,162.6,162.64,168.11,146.05,152.53,76.61,74.11,45.27,59.16,1.43,3.284,3.32,False,,,,,,,,,,,,,,,
56.239,Weightlifting,Clean & Jerk,Front View,Jerk Phase,Detected,156.97,163.31,162.26,167.17,149.35,160.41,82.39,79.01,52.93,63.13,1.43,3.284,3.32,False,,,,,,,,,,,,,,,
56.301,Weightlifting,Clean & Jerk,Front View,Jerk Phase,Detected,156.05,162.56,160.26,165.34,148.28,164.14,84.15,78.94,53.24,61.99,1.42,3.375,3.431,False,,,,,,,,,,,,,,,
56.363,Weightlifting,Clean & Jerk,Front View,Jerk Phase,Detected,156.56,163.31,158.96,165.21,149.51,167.44,91.44,83.03,62.95,64.32,1.45,3.393,3.431,False,,,,,,,,,,,,,,,
56.426,Weightlifting,Clean & Jerk,Front View,Jerk Phase,Detected,156.78,163.31,159.05,165.21,149.37,169.6,92.89,83.03,65.71,64.64,1.45,3.636,3.702,False,,,,,,,,,,,,,,,
56.489,Weightlifting,Clean & Jerk,Front View,Jerk Phase,Detected,156.44,163.69,158.51,163.85,150.01,170.92,101.79,90.71,74.05,72.72,1.82,3.68,3.702,False,,,,,,,,,,,,,,,
56.551,Weightlifting,Clean & Jerk,Front View,Jerk Phase,Detected,157.73,162.78,160.52,162.13,151.36,172.09,103.81,93.59,76.69,75.54,1.48,3.702,3.702,False,,,,,,,,,,,,,,,
56.615,Weightlifting,Clean & Jerk,Front View,Jerk Phase,Detected,157.83,161.76,161.78,160.92,154.65,169.37,106.66,100.22,81.01,81.52,1.09,3.747,3.702,False,,,,,,,,,,,,,,,
56.677,Weightlifting,Clean & Jerk,Front View,Jerk Phase,Detected,157.34,161.76,162.67,160.82,157.67,171.3,109.44,103.21,83.78,84.17,1.09,3.593,3.593,False,,,,,,,,,,,,,,,
56.739,Weightlifting,Clean & Jerk,Front View,Jerk Phase,Detected,157.18,161.77,165.2,161.13,163.3,169.45,116.03,105.94,90.9,88.06,1.07,3.68,3.593,False,,,,,,,,,,,,,,,
56.8,Weightlifting,Clean & Jerk,Front View,Jerk Phase,Detected,158.96,162.65,171.68,162.88,167.39,170.33,117.07,107.39,91.33,89.21,1.41,3.49,3.451,False,,,,,,,,,,,,,,,
56.862,Weightlifting,Clean & Jerk,Front View,Jerk Phase,Detected,159.42,163.45,176.8,164.69,176.65,173.18,122.19,114.46,97.24,96.79,1.42,3.47,3.451,False,,,,,,,,,,,,,,,
56.926,Weightlifting,Clean & Jerk,Front View,Jerk Phase,Detected,161.54,163.01,176.82,165.15,176.79,176.63,123.41,114.86,97.67,97.54,1.41,3.393,3.356,False,,,,,,,,,,,,,,,
56.988,Weightlifting,Clean & Jerk,Front View,Jerk Phase,Detected,158.93,164.75,176.13,170.39,174.27,175.24,130.53,120.92,104.49,104.74,1.79,3.47,3.356,False,,,,,,,,,,,,,,,
57.051,Weightlifting,Clean & Jerk,Front View,Jerk Phase,Detected,159.26,165.34,175.2,172.53,175.45,170.69,131.1,122.86,106.49,107.97,1.78,3.393,3.47,False,,,,,,,,,,,,,,,
57.115,Weightlifting,Clean & Jerk,Front View,Jerk Phase,Detected,160.16,166.25,171.2,172.89,170.17,170.23,136.75,124.75,116.36,112.15,2.16,3.32,3.47,False,,,,,,,,,,,,,,,
57.176,Weightlifting,Clean & Jerk,Front View,Jerk Phase,Detected,160.65,167.06,168.06,174.45,165.06,169.02,137.46,125.4,118.55,114.13,2.13,3.451,3.636,False,,,,,,,,,,,,,,,
57.24,Weightlifting,Clean & Jerk,Front View,Jerk Phase,Detected,159.7,167.23,165.92,174.52,162.56,168.5,145.81,128.45,133.28,117.35,2.43,3.47,3.636,False,,,,,,,,,,,,,,,
57.304,Weightlifting,Clean & Jerk,Front View,Jerk Phase,Detected,159.93,167.16,163.93,174.47,155.92,168.87,148.66,129.58,139.09,118.54,2.39,3.702,3.68,False,,,,,,,,,,,,,,,
57.363,Weightlifting,Clean & Jerk,Front View,Jerk Phase,Detected,157.43,167.7,166.43,174.38,155.92,166.05,154.7,132.92,150.32,126.34,2.73,3.572,3.68,False,,,,,,,,,,,,,,,
57.425,Weightlifting,Clean & Jerk,Front View,Jerk Phase,Detected,157.78,167.88,163.87,174.51,153.72,158.92,156.56,132.88,153.73,126.28,2.69,3.51,3.531,False,,,,,,,,,,,,,,,
57.489,Weightlifting,Clean & Jerk,Front View,Jerk Phase,Detected,158.0,167.19,160.14,173.78,149.98,159.87,162.68,141.11,165.26,139.67,2.66,3.451,3.531,False,,,,,,,,,,,,,,,
57.549,Weightlifting,Clean & Jerk,Front View,Jerk Phase,Detected,158.7,168.06,158.77,175.56,151.79,158.15,163.41,143.32,166.15,143.05,2.71,3.636,3.531,False,,,,,,,,,,,,,,,
57.61,Weightlifting,Clean & Jerk,Front View,Jerk Phase,Detected,158.58,167.83,157.96,175.34,150.75,159.01,167.18,147.78,172.28,150.09,2.68,3.614,3.531,False,,,,,,,,,,,,,,,
57.672,Weightlifting,Clean & Jerk,Front View,Jerk Phase,Detected,158.35,167.83,160.21,175.34,153.0,159.01,167.18,150.35,171.97,153.9,2.68,3.393,3.593,False,,,,,,,,,,,,,,,
57.735,Weightlifting,Clean & Jerk,Front View,Jerk Phase,Detected,159.55,168.21,154.44,174.99,148.57,152.62,174.4,156.11,175.17,164.3,3.0,3.356,3.593,False,,,,,,,,,,,,,,,
57.797,Weightlifting,Clean & Jerk,Front View,Jerk Phase,Detected,159.09,166.81,158.19,173.55,151.79,152.67,172.75,158.17,176.18,168.84,2.66,3.431,3.431,False,,,,,,,,,,,,,,,
57.86,Weightlifting,Clean & Jerk,Front View,Jerk Phase,Detected,159.33,166.26,158.69,172.91,155.25,152.72,173.73,161.53,172.23,174.66,2.3,3.393,3.431,False,,,,,,,,,,,,,,,
57.921,Weightlifting,Clean & Jerk,Front View,Jerk Phase,Detected,157.91,165.64,162.72,172.2,160.92,152.77,175.08,160.09,169.79,172.06,2.29,3.338,3.49,False,,,,,,,,,,,,,,,
57.984,Weightlifting,Clean & Jerk,Front View,Jerk Phase,Detected,157.64,165.33,164.19,170.48,164.56,153.55,173.5,161.94,170.82,177.31,2.32,3.356,3.49,False,,,,,,,,,,,,,,,
58.047,Weightlifting,Clean & Jerk,Front View,Jerk Phase,Detected,156.29,163.26,170.02,169.01,175.6,149.65,173.42,164.4,171.91,179.23,1.96,3.431,3.49,False,,,,,,,,,,,,,,,
58.108,Weightlifting,Clean & Jerk,Front View,Jerk Phase,Detected,156.16,163.77,175.19,169.58,170.16,155.13,172.1,165.8,171.49,176.67,1.65,3.393,3.49,False,,,,,,,,,,,,,,,
58.172,Weightlifting,Clean & Jerk,Front View,Jerk Phase,Detected,156.16,162.95,175.19,167.95,170.16,159.86,173.49,166.73,168.55,175.24,1.64,3.412,3.531,False,,,,,,,,,,,,,,,
58.233,Weightlifting,Clean & Jerk,Front View,Jerk Phase,Detected,154.09,162.43,179.7,167.36,167.79,158.88,172.37,165.73,170.68,177.43,1.62,3.412,3.531,False,,,,,,,,,,,,,,,
58.295,Weightlifting,Clean & Jerk,Front View,Jerk Phase,Detected,152.85,162.16,175.89,167.06,162.19,155.94,173.35,164.33,169.03,178.79,1.6,3.393,3.51,False,,,,,,,,,,,,,,,
58.359,Weightlifting,Clean & Jerk,Front View,Jerk Phase,Detected,153.86,162.16,178.0,167.06,172.44,155.94,173.35,164.33,168.55,178.33,1.6,3.393,3.51,False,,,,,,,,,,,,,,,
58.421,Weightlifting,Clean & Jerk,Front View,Jerk Phase,Detected,155.16,161.0,176.88,165.06,174.18,156.78,172.39,163.86,168.88,179.26,1.28,3.451,3.47,False,,,,,,,,,,,,,,,
58.486,Weightlifting,Clean & Jerk,Front View,Jerk Phase,Detected,154.79,161.0,175.27,165.07,179.03,157.89,170.97,163.36,170.4,179.3,1.28,3.47,3.47,False,,,,,,,,,,,,,,,
58.549,Weightlifting,Clean & Jerk,Front View,Jerk Phase,Detected,154.79,160.71,174.16,164.74,178.62,160.71,170.59,163.32,170.78,178.82,1.27,3.551,3.412,False,,,,,,,,,,,,,,,
58.61,Weightlifting,Clean & Jerk,Front View,Jerk Phase,Detected,154.85,160.36,172.94,164.4,180.0,164.4,170.52,163.32,171.29,179.76,1.27,3.593,3.412,False,,,,,,,,,,,,,,,
58.671,Weightlifting,Clean & Jerk,Front View,Jerk Phase,Detected,154.47,158.54,172.13,163.2,172.8,164.4,170.52,163.96,171.29,179.76,0.95,3.747,3.431,False,,,,,,,,,,,,,,,
58.734,Weightlifting,Clean & Jerk,Front View,Jerk Phase,Detected,164.4,153.74,139.81,159.72,154.82,173.25,169.03,163.07,172.72,176.79,0.32,3.747,3.431,False,,,,,,,,,,,,,,,
58.797,Weightlifting,Clean & Jerk,Front View,Jerk Phase,Detected,163.26,153.74,142.52,159.72,156.44,171.73,169.09,163.07,173.2,177.22,0.32,3.636,3.375,False,,,,,,,,,,,,,,,
58.859,Weightlifting,Clean & Jerk,Front View,Jerk Phase,Detected,160.4,152.83,153.97,157.96,161.2,172.23,168.47,161.75,173.67,172.93,0.0,3.657,3.375,False,,,,,,,,,,,,,,,
58.92,Weightlifting,Clean & Jerk,Front View,Jerk Phase,Detected,156.89,152.83,168.34,157.96,175.27,169.22,168.47,160.46,173.67,170.7,0.0,3.593,3.451,False,,,,,,,,,,,,,,,
58.982,Weightlifting,Clean & Jerk,Front View,Jerk Phase,Detected,155.22,152.77,172.57,157.12,178.45,169.53,170.52,161.81,172.23,171.63,0.32,3.593,3.451,False,,,,,,,,,,,,,,,
59.044,Weightlifting,Clean & Jerk,Front View,Jerk Phase,Detected,155.16,153.23,169.39,157.59,172.06,168.95,170.59,161.23,172.68,170.71,0.32,3.636,3.572,False,,,,,,,,,,,,,,,
59.106,Weightlifting,Clean & Jerk,Front View,Jerk Phase,Detected,157.45,153.23,172.64,157.57,173.66,179.14,170.01,161.23,172.68,171.06,0.0,3.636,3.572,False,,,,,,,,,,,,,,,
59.168,Weightlifting,Clean & Jerk,Front View,Jerk Phase,Detected,157.45,153.23,176.38,157.57,179.24,177.46,170.39,160.63,171.85,170.11,0.0,3.593,3.572,False,,,,,,,,,,,,,,,
59.23,Weightlifting,Clean & Jerk,Front View,Jerk Phase,Detected,158.85,151.78,173.5,156.14,173.45,173.71,169.7,161.23,171.85,171.06,0.32,3.593,3.572,False,,,,,,,,,,,,,,,
59.292,Weightlifting,Clean & Jerk,Front View,Jerk Phase,Detected,158.85,151.78,170.13,156.13,178.45,172.71,169.7,161.23,171.39,171.41,0.32,3.551,3.551,False,,,,,,,,,,,,,,,
59.356,Weightlifting,Clean & Jerk,Front View,Jerk Phase,Detected,158.53,149.48,172.0,153.71,176.78,164.91,169.7,163.22,171.39,172.76,0.64,3.551,3.551,False,,,,,,,,,,,,,,,
59.416,Weightlifting,Clean & Jerk,Front View,Jerk Phase,Detected,158.53,148.32,175.22,152.5,178.75,161.37,169.7,163.15,171.85,172.76,0.64,3.551,3.531,False,,,,,,,,,,,,,,,
59.482,Weightlifting,Clean & Jerk,Front View,Jerk Phase,Detected,157.62,148.95,175.55,153.11,178.75,162.32,171.7,163.15,170.43,172.76,0.32,3.551,3.531,False,,,,,,,,,,,,,,,
59.543,Weightlifting,Clean & Jerk,Front View,Jerk Phase,Detected,156.54,148.95,180.0,153.11,177.88,162.32,173.14,163.15,168.53,172.76,0.32,3.636,3.614,False,,,,,,,,,,,,,,,
59.606,Weightlifting,Clean & Jerk,Front View,Jerk Phase,Detected,157.17,148.95,178.99,153.11,176.24,164.91,170.73,164.52,170.32,175.45,0.64,3.636,3.614,False,,,,,,,,,,,,,,,
59.67,Weightlifting,Clean & Jerk,Front View,Jerk Phase,Detected,157.17,148.95,178.99,153.11,177.64,164.91,170.73,164.52,170.32,175.45,0.64,3.702,3.551,False,,,,,,,,,,,,,,,
59.733,Weightlifting,Clean & Jerk,Front View,Jerk Phase,Detected,157.07,148.95,178.99,153.09,174.42,170.33,172.61,165.05,167.93,175.97,0.64,3.702,3.551,False,,,,,,,,,,,,,,,
59.795,Weightlifting,Clean & Jerk,Front View,Jerk Phase,Detected,156.7,151.97,179.36,155.48,171.37,173.15,172.61,164.97,167.93,176.47,0.32,3.614,3.551,False,,,,,,,,,,,,,,,
59.859,Weightlifting,Clean & Jerk,Front View,Jerk Phase,Detected,157.07,152.5,177.88,155.98,175.54,173.18,172.3,164.47,167.76,175.97,0.32,3.614,3.551,False,,,,,,,,,,,,,,,
59.922,Weightlifting,Clean & Jerk,Front View,Jerk Phase,Detected,158.15,152.5,172.34,155.98,178.61,173.18,172.3,163.94,167.76,175.45,0.32,3.614,3.551,False,,,,,,,,,,,,,,,
59.984,Weightlifting,Clean & Jerk,Front View,Jerk Phase,Detected,158.15,153.0,175.55,156.49,175.24,176.44,172.3,163.94,167.26,175.45,0.32,3.614,3.551,False,,,,,,,,,,,,,,,
60.044,Weightlifting,Clean & Jerk,Front View,Jerk Phase,Detected,158.15,153.0,175.55,156.51,175.24,174.74,171.97,163.94,169.17,175.45,0.32,3.702,3.572,False,,,,,,,,,,,,,,,
60.107,Weightlifting,Clean & Jerk,Front View,Jerk Phase,Detected,158.48,151.85,179.92,156.01,170.54,177.29,171.97,165.98,169.17,176.84,0.65,3.702,3.572,False,,,,,,,,,,,,,,,
60.17,Weightlifting,Clean & Jerk,Front View,Jerk Phase,Detected,158.48,151.39,178.59,155.51,174.81,173.9,172.3,163.97,167.26,173.57,0.64,3.572,3.572,False,,,,,,,,,,,,,,,
60.233,Weightlifting,Clean & Jerk,Front View,Jerk Phase,Detected,158.2,150.9,179.75,154.98,167.74,179.79,171.92,163.91,168.08,173.57,0.64,3.572,3.572,False,,,,,,,,,,,,,,,
60.295,Weightlifting,Clean & Jerk,Front View,Jerk Phase,Detected,158.2,152.22,179.75,157.11,165.1,179.18,171.92,163.91,168.08,173.57,0.64,3.747,3.551,False,,,,,,,,,,,,,,,
60.356,Weightlifting,Clean & Jerk,Front View,Jerk Phase,Detected,158.25,151.15,178.92,155.99,166.43,179.19,171.16,163.27,169.28,173.0,0.63,3.747,3.551,False,,,,,,,,,,,,,,,
60.419,Weightlifting,Clean & Jerk,Front View,Jerk Phase,Detected,158.25,151.09,178.92,155.99,166.43,179.19,172.77,163.33,166.62,172.64,0.63,3.614,3.531,False,,,,,,,,,,,,,,,
60.48,Weightlifting,Clean & Jerk,Front View,Jerk Phase,Detected,157.85,152.54,179.27,156.81,166.43,169.04,172.81,163.28,167.67,173.22,0.32,3.614,3.531,False,,,,,,,,,,,,,,,
60.541,Weightlifting,Clean & Jerk,Front View,Jerk Phase,Detected,157.49,151.93,179.63,156.2,166.43,162.37,172.81,162.7,168.74,172.3,0.32,3.68,3.531,False,,,,,,,,,,,,,,,
60.604,Weightlifting,Clean & Jerk,Front View,Jerk Phase,Detected,156.86,149.85,176.26,154.21,170.84,163.25,173.77,163.33,168.42,172.87,0.0,3.68,3.531,False,,,,,,,,,,,,,,,
60.667,Weightlifting,Clean & Jerk,Front View,Jerk Phase,Detected,156.86,149.09,177.5,153.46,169.59,164.07,175.35,163.33,165.77,172.87,0.0,3.68,3.551,False,,,,,,,,,,,,,,,
60.731,Weightlifting,Clean & Jerk,Front View,Jerk Phase,Detected,156.8,149.21,178.62,154.2,166.7,164.09,174.13,165.4,167.5,174.3,0.32,3.68,3.551,False,,,,,,,,,,,,,,,
60.792,Weightlifting,Clean & Jerk,Front View,Jerk Phase,Detected,156.8,150.8,178.62,156.57,166.7,163.3,174.13,165.4,167.5,174.3,0.32,3.657,3.531,False,,,,,,,,,,,,,,,
60.856,Weightlifting,Clean & Jerk,Front View,Jerk Phase,Detected,157.75,153.06,177.14,158.2,169.59,163.3,172.02,164.76,167.99,174.3,0.32,3.636,3.531,False,,,,,,,,,,,,,,,
60.918,Weightlifting,Clean & Jerk,Front View,Jerk Phase,Detected,157.75,153.06,175.9,158.2,172.44,165.96,172.35,165.28,167.18,175.16,0.32,3.702,3.51,False,,,,,,,,,,,,,,,
60.983,Weightlifting,Clean & Jerk,Front View,Jerk Phase,Detected,157.44,152.38,177.5,157.52,171.2,165.96,171.97,165.78,168.08,176.02,0.32,3.702,3.51,False,,,,,,,,,,,,,,,
61.044,Weightlifting,Clean & Jerk,Front View,Jerk Phase,Detected,157.44,152.38,177.5,157.52,171.2,165.26,172.3,166.25,167.26,176.87,0.32,3.68,3.551,False,,,,,,,,,,,,,,,
61.106,Weightlifting,Clean & Jerk,Front View,Jerk Phase,Detected,158.22,153.06,176.03,158.2,170.29,165.96,172.3,165.78,166.69,176.39,0.32,3.68,3.551,False,,,,,,,,,,,,,,,
61.169,Weightlifting,Clean & Jerk,Front View,Jerk Phase,Detected,157.9,153.7,177.43,158.84,170.87,165.96,171.92,165.78,167.01,176.39,0.32,3.68,3.51,False,,,,,,,,,,,,,,,
61.231,Weightlifting,Clean & Jerk,Front View,Jerk Phase,Detected,157.85,153.12,175.27,158.2,178.75,165.96,172.3,165.72,166.69,176.39,0.32,3.68,3.51,False,,,,,,,,,,,,,,,
61.295,Weightlifting,Clean & Jerk,Front View,Jerk Phase,Detected,158.49,153.06,176.39,158.2,168.84,165.96,171.66,165.78,166.69,176.02,0.64,3.636,3.531,False,,,,,,,,,,,,,,,
61.356,Weightlifting,Clean & Jerk,Front View,Jerk Phase,Detected,159.22,150.08,175.89,156.64,178.66,162.52,171.66,166.42,166.69,176.02,0.97,3.636,3.531,False,,,,,,,,,,,,,,,
61.421,Weightlifting,Clean & Jerk,Front View,Jerk Phase,Detected,159.56,150.08,173.97,156.64,179.76,162.52,173.14,166.42,165.2,176.02,0.97,3.77,3.551,False,,,,,,,,,,,,,,,
61.484,Weightlifting,Clean & Jerk,Front View,Jerk Phase,Detected,159.56,149.32,172.14,155.87,177.94,162.53,171.66,166.42,166.69,176.02,0.97,3.77,3.551,False,,,,,,,,,,,,,,,
61.546,Weightlifting,Clean & Jerk,Front View,Jerk Phase,Detected,159.6,149.32,172.14,155.87,177.94,162.53,171.29,165.92,167.01,175.16,0.96,3.657,3.572,False,,,,,,,,,,,,,,,
61.608,Weightlifting,Clean & Jerk,Front View,Jerk Phase,Detected,159.6,149.32,173.97,155.87,178.99,164.48,171.61,165.92,166.17,175.16,0.96,3.657,3.572,False,,,,,,,,,,,,,,,
61.671,Weightlifting,Clean & Jerk,Front View,Jerk Phase,Detected,158.49,149.32,179.27,155.87,174.81,164.48,171.61,165.92,166.17,175.16,0.96,3.614,3.531,False,,,,,,,,,,,,,,,
61.733,Weightlifting,Clean & Jerk,Front View,Jerk Phase,Detected,159.89,149.32,175.89,155.87,179.52,161.7,170.98,167.34,166.74,178.26,1.28,3.614,3.531,False,,,,,,,,,,,,,,,
61.794,Weightlifting,Clean & Jerk,Front View,Jerk Phase,Detected,159.5,149.32,177.63,155.87,179.1,159.0,171.33,168.78,167.55,178.99,1.29,3.636,3.551,False,,,,,,,,,,,,,,,
61.859,Weightlifting,Clean & Jerk,Front View,Jerk Phase,Detected,159.13,149.32,178.74,155.87,175.83,161.7,171.02,169.22,167.86,178.55,1.29,3.636,3.551,False,,,,,,,,,,,,,,,
61.92,Weightlifting,Clean & Jerk,Front View,Jerk Phase,Detected,158.75,147.82,177.49,155.0,174.97,161.7,171.02,169.42,167.86,179.71,1.61,3.702,3.593,False,,,,,,,,,,,,,,,
61.983,Weightlifting,Clean & Jerk,Front View,Jerk Phase,Detected,158.96,147.82,178.26,155.0,179.35,164.48,168.57,169.42,170.2,179.71,1.94,3.702,3.593,False,,,,,,,,,,,,,,,
62.044,Weightlifting,Clean & Jerk,Front View,Jerk Phase,Detected,158.54,147.82,176.4,155.0,174.7,164.48,168.18,170.89,171.07,177.52,1.94,3.77,3.614,False,,,,,,,,,,,,,,,
62.109,Weightlifting,Clean & Jerk,Front View,Jerk Phase,Detected,159.33,149.81,178.66,157.16,179.69,167.33,169.76,170.61,168.43,179.25,1.97,3.77,3.614,False,,,,,,,,,,,,,,,
62.171,Weightlifting,Clean & Jerk,Front View,Jerk Phase,Detected,159.33,149.0,178.66,155.56,179.69,168.11,169.76,170.61,168.43,179.25,1.97,3.747,3.614,False,,,,,,,,,,,,,,,
62.236,Weightlifting,Clean & Jerk,Front View,Jerk Phase,Detected,159.33,149.14,178.74,156.47,174.75,161.7,170.1,170.61,167.58,179.25,1.97,3.747,3.614,False,,,,,,,,,,,,,,,
62.3,Weightlifting,Clean & Jerk,Front View,Jerk Phase,Detected,159.33,148.43,179.6,155.75,176.5,156.4,170.43,170.61,167.26,179.25,1.97,3.702,3.724,False,,,,,,,,,,,,,,,
62.362,Weightlifting,Clean & Jerk,Front View,Jerk Phase,Detected,158.93,149.21,178.49,156.46,177.11,161.71,170.1,170.54,167.58,178.84,1.96,3.724,3.724,False,,,,,,,,,,,,,,,
62.424,Weightlifting,Clean & Jerk,Front View,Jerk Phase,Detected,160.0,149.86,179.1,156.46,176.14,164.49,167.96,170.32,169.09,177.09,1.97,3.724,3.747,False,,,,,,,,,,,,,,,
62.488,Weightlifting,Clean & Jerk,Front View,Jerk Phase,Detected,160.02,148.4,179.74,155.64,174.78,164.5,168.3,170.54,168.16,177.94,2.29,3.724,3.747,False,,,,,,,,,,,,,,,
62.551,Weightlifting,Clean & Jerk,Front View,Jerk Phase,Detected,159.17,149.07,176.79,156.32,179.88,161.71,166.85,170.54,170.68,177.94,2.29,3.68,3.724,False,,,,,,,,,,,,,,,
62.615,Weightlifting,Clean & Jerk,Front View,Jerk Phase,Detected,161.2,150.9,177.02,158.15,176.59,161.7,166.45,170.09,171.08,177.1,2.29,3.68,3.724,False,,,,,,,,,,,,,,,
62.678,Weightlifting,Clean & Jerk,Front View,Jerk Phase,Detected,160.58,151.45,177.73,158.72,174.94,163.69,168.18,170.09,169.98,177.1,1.95,3.702,3.747,False,,,,,,,,,,,,,,,
62.74,Weightlifting,Clean & Jerk,Front View,Jerk Phase,Detected,160.91,151.98,177.37,159.24,174.94,160.78,168.6,170.96,169.09,175.3,1.96,3.702,3.747,False,,,,,,,,,,,,,,,
62.801,Weightlifting,Clean & Jerk,Front View,Jerk Phase,Detected,161.25,151.98,175.56,159.24,172.68,157.96,168.6,171.36,170.2,174.9,1.96,3.636,3.724,False,,,,,,,,,,,,,,,
62.866,Weightlifting,Clean & Jerk,Front View,Jerk Phase,Detected,163.12,151.98,176.5,159.24,178.92,157.96,166.83,170.96,172.41,175.78,2.28,3.636,3.724,False,,,,,,,,,,,,,,,
62.928,Weightlifting,Clean & Jerk,Front View,Jerk Phase,Detected,163.12,151.76,178.0,159.75,176.37,157.96,167.21,173.17,171.54,174.75,2.62,3.593,3.657,False,,,,,,,,,,,,,,,
62.989,Weightlifting,Clean & Jerk,Front View,Jerk Phase,Detected,163.01,152.41,179.91,159.76,168.37,161.68,166.85,171.43,172.41,176.27,2.3,3.593,3.657,False,,,,,,,,,,,,,,,
63.053,Weightlifting,Clean & Jerk,Front View,Jerk Phase,Detected,164.01,152.41,176.16,159.75,175.5,160.78,166.43,171.03,172.81,176.67,2.29,3.636,3.747,False,,,,,,,,,,,,,,,
63.115,Weightlifting,Clean & Jerk,Front View,Jerk Phase,Detected,166.6,150.91,173.66,158.98,178.99,161.69,165.36,171.76,172.11,177.93,2.96,3.636,3.747,False,,,,,,,,,,,,,,,
63.177,Weightlifting,Clean & Jerk,Front View,Jerk Phase,Detected,166.6,150.91,173.07,158.98,179.41,162.52,165.78,171.76,171.69,177.93,2.96,3.572,3.702,False,,,,,,,,,,,,,,,
63.239,Weightlifting,Clean & Jerk,Front View,Jerk Phase,Detected,166.88,152.62,174.58,161.47,178.81,164.39,165.36,172.87,172.11,176.83,2.96,3.636,3.702,False,,,,,,,,,,,,,,,
63.302,Weightlifting,Clean & Jerk,Front View,Jerk Phase,Detected,166.62,151.39,176.67,159.48,179.32,165.81,164.9,171.34,172.55,178.35,2.94,3.657,3.724,False,,,,,,,,,,,,,,,
63.367,Weightlifting,Clean & Jerk,Front View,Jerk Phase,Detected,166.89,151.94,175.88,159.93,178.09,165.18,165.76,170.82,171.69,179.92,2.93,3.68,3.724,False,,,,,,,,,,,,,,,
63.429,Weightlifting,Clean & Jerk,Front View,Jerk Phase,Detected,166.89,151.94,177.79,159.92,177.34,159.0,165.76,170.82,172.17,179.92,2.93,3.551,3.702,False,,,,,,,,,,,,,,,
63.497,Weightlifting,Clean & Jerk,Front View,Jerk Phase,Detected,168.05,153.56,177.68,162.34,179.59,161.73,169.01,171.26,165.6,177.94,3.25,3.551,3.702,False,,,,,,,,,,,,,,,
63.555,Weightlifting,Clean & Jerk,Front View,Jerk Phase,Detected,168.31,154.69,177.41,162.74,179.59,164.39,170.64,168.05,162.91,179.16,2.93,3.551,3.614,False,,,,,,,,,,,,,,,
63.616,Weightlifting,Clean & Jerk,Front View,Jerk Phase,Detected,168.58,154.21,177.16,162.3,170.79,163.73,167.4,168.12,168.3,177.88,2.91,3.572,3.614,False,,,,,,,,,,,,,,,
63.678,Weightlifting,Clean & Jerk,Front View,Jerk Phase,Detected,167.26,155.41,179.22,164.23,167.53,162.22,166.22,170.17,170.08,179.69,2.93,3.572,3.614,False,,,,,,,,,,,,,,,
63.74,Weightlifting,Clean & Jerk,Front View,Jerk Phase,Detected,168.6,154.13,175.96,163.44,175.54,162.22,165.09,168.08,170.66,177.73,3.14,3.614,3.614,False,,,,,,,,,,,,,,,
63.802,Weightlifting,Clean & Jerk,Front View,Jerk Phase,Detected,168.23,154.44,177.3,163.83,173.95,158.3,165.71,168.69,172.33,178.26,2.85,3.636,3.614,False,,,,,,,,,,,,,,,
63.866,Weightlifting,Clean & Jerk,Front View,Jerk Phase,Detected,168.66,155.93,176.84,166.12,173.95,154.48,166.14,167.51,171.93,177.16,2.86,3.636,3.614,False,,,,,,,,,,,,,,,
63.929,Weightlifting,Clean & Jerk,Front View,Jerk Phase,Detected,168.67,156.18,177.21,166.44,173.58,157.42,165.72,167.59,172.33,177.16,2.86,3.724,3.702,False,,,,,,,,,,,,,,,
63.99,Weightlifting,Clean & Jerk,Front View,Jerk Phase,Detected,169.29,158.92,176.93,170.73,169.7,155.8,165.3,168.61,172.24,180.0,2.85,3.747,3.702,False,,,,,,,,,,,,,,,
64.054,Weightlifting,Clean & Jerk,Front View,Jerk Phase,Detected,169.48,159.96,176.74,172.48,169.7,155.08,164.86,168.61,172.69,180.0,2.85,3.747,3.724,False,,,,,,,,,,,,,,,
64.118,Weightlifting,Clean & Jerk,Front View,Jerk Phase,Detected,171.25,160.35,175.93,173.81,160.77,154.22,164.23,165.68,172.69,175.25,3.18,3.747,3.724,False,,,,,,,,,,,,,,,
64.18,Weightlifting,Clean & Jerk,Front View,Jerk Phase,Detected,171.25,160.57,176.54,174.03,156.37,154.22,163.76,165.68,173.16,175.65,3.18,3.794,3.702,False,,,,,,,,,,,,,,,
64.242,Weightlifting,Clean & Jerk,Front View,Jerk Phase,Detected,171.41,160.65,176.38,174.03,157.9,153.1,163.76,166.27,173.66,174.98,3.16,3.794,3.702,False,,,,,,,,,,,,,,,
64.305,Weightlifting,Clean & Jerk,Front View,Jerk Phase,Detected,171.56,160.86,176.22,174.25,160.16,153.1,163.77,167.39,174.82,175.72,3.18,3.842,3.747,False,,,,,,,,,,,,,,,
64.366,Weightlifting,Clean & Jerk,Front View,Jerk Phase,Detected,172.65,161.84,174.51,176.11,171.35,150.4,164.69,167.39,173.91,175.36,3.2,3.842,3.747,False,,,,,,,,,,,,,,,
64.428,Weightlifting,Clean & Jerk,Front View,Jerk Phase,Detected,173.86,162.03,172.17,175.51,177.38,157.18,162.72,167.39,176.36,175.72,3.22,3.915,3.636,False,,,,,,,,,,,,,,,
64.49,Weightlifting,Clean & Jerk,Front View,Jerk Phase,Detected,173.13,162.85,172.92,175.69,176.73,164.11,164.88,166.27,175.26,175.24,2.56,3.941,3.636,False,,,,,,,,,,,,,,,
64.554,Weightlifting,Clean & Jerk,Front View,Jerk Phase,Detected,173.13,162.85,172.92,175.78,176.73,167.47,164.88,166.27,174.82,175.61,2.56,3.866,3.68,False,,,,,,,,,,,,,,,
64.616,Weightlifting,Clean & Jerk,Front View,Jerk Phase,Detected,173.16,162.99,172.92,175.87,176.73,170.37,164.39,165.5,175.29,174.98,2.5,3.89,3.68,False,,,,,,,,,,,,,,,
64.68,Weightlifting,Clean & Jerk,Front View,Jerk Phase,Detected,173.25,163.17,172.81,176.15,176.73,173.29,164.87,164.82,174.35,174.3,2.52,3.794,3.77,False,,,,,,,,,,,,,,,
64.74,Weightlifting,Clean & Jerk,Front View,Jerk Phase,Detected,172.82,163.9,172.61,176.42,176.73,173.19,165.5,163.91,175.54,174.9,1.9,3.866,3.77,False,,,,,,,,,,,,,,,
64.804,Weightlifting,Clean & Jerk,Front View,Jerk Phase,Detected,171.87,163.9,174.92,176.42,176.05,173.19,165.52,163.91,175.54,176.2,1.91,3.794,3.657,False,,,,,,,,,,,,,,,
64.866,Weightlifting,Clean & Jerk,Front View,Jerk Phase,Detected,171.87,163.1,175.69,174.65,174.59,160.95,165.52,165.6,176.41,179.31,1.89,3.794,3.657,False,,,,,,,,,,,,,,,
64.929,Weightlifting,Clean & Jerk,Front View,Jerk Phase,Detected,171.65,163.04,176.15,174.65,173.61,153.23,165.5,165.09,177.16,179.19,1.89,3.702,3.724,False,,,,,,,,,,,,,,,
64.991,Weightlifting,Clean & Jerk,Front View,Jerk Phase,Detected,171.89,163.28,174.67,174.84,174.86,136.2,165.03,165.03,179.96,179.19,1.88,3.724,3.724,False,,,,,,,,,,,,,,,
65.054,Weightlifting,Clean & Jerk,Front View,Jerk Phase,Detected,171.91,163.1,174.67,174.57,172.27,131.42,165.48,165.6,177.1,179.76,1.87,3.794,3.77,False,,,,,,,,,,,,,,,
65.116,Weightlifting,Clean & Jerk,Front View,Jerk Phase,Detected,171.91,162.19,174.92,173.74,169.51,136.88,165.48,164.43,177.54,178.59,1.87,3.794,3.77,False,,,,,,,,,,,,,,,
65.178,Weightlifting,Clean & Jerk,Front View,Jerk Phase,Detected,171.91,161.72,174.92,173.16,169.51,136.71,165.48,165.09,177.95,178.73,1.88,3.794,3.747,False,,,,,,,,,,,,,,,
65.242,Weightlifting,Clean & Jerk,Front View,Jerk Phase,Detected,170.88,161.22,178.6,172.74,164.42,142.85,166.34,164.15,177.09,177.79,1.88,3.794,3.747,False,,,,,,,,,,,,,,,
65.303,Weightlifting,Clean & Jerk,Front View,Jerk Phase,Detected,171.01,160.32,178.47,171.01,164.42,144.13,166.34,164.72,177.09,178.37,1.88,3.794,3.842,False,,,,,,,,,,,,,,,
65.368,Weightlifting,Clean & Jerk,Front View,Jerk Phase,Detected,170.99,162.2,178.65,173.24,164.24,151.46,166.36,164.16,177.49,178.82,1.58,3.818,3.842,False,,,,,,,,,,,,,,,
65.428,Weightlifting,Clean & Jerk,Front View,Jerk Phase,Detected,169.23,162.05,179.98,172.95,164.07,153.87,166.54,162.64,177.91,176.51,1.25,3.842,3.89,False,,,,,,,,,,,,,,,
65.49,Weightlifting,Clean & Jerk,Front View,Jerk Phase,Detected,169.23,161.43,179.98,173.13,164.07,159.49,167.66,164.72,176.0,177.51,1.57,3.842,3.89,False,,,,,,,,,,,,,,,
65.554,Weightlifting,Clean & Jerk,Front View,Jerk Phase,Detected,169.38,160.54,179.66,171.54,161.91,166.92,167.66,164.72,177.18,177.51,1.57,3.89,3.89,False,,,,,,,,,,,,,,,
65.613,Weightlifting,Clean & Jerk,Front View,Jerk Phase,Detected,169.49,161.84,179.29,172.14,158.46,165.98,169.28,164.1,174.01,177.51,1.26,3.89,3.89,False,,,,,,,,,,,,,,,
65.675,Weightlifting,Clean & Jerk,Front View,Jerk Phase,Detected,170.14,161.22,179.44,172.14,161.97,166.84,166.61,165.67,177.22,178.45,1.88,3.866,3.89,False,,,,,,,,,,,,,,,
65.739,Weightlifting,Clean & Jerk,Front View,Jerk Phase,Detected,170.0,161.0,179.14,172.8,159.63,171.4,166.16,165.67,178.06,178.02,1.88,3.866,3.89,False,,,,,,,,,,,,,,,
65.8,Weightlifting,Clean & Jerk,Front View,Jerk Phase,Detected,171.01,160.45,178.65,172.8,160.83,171.4,166.16,167.23,178.06,179.03,2.18,3.77,3.794,False,,,,,,,,,,,,,,,
65.863,Weightlifting,Clean & Jerk,Front View,Jerk Phase,Detected,169.35,161.5,180.0,176.52,160.48,179.77,166.81,167.35,178.06,179.63,1.89,3.794,3.794,False,,,,,,,,,,,,,,,
65.926,Weightlifting,Clean & Jerk,Front View,Jerk Phase,Detected,170.36,161.7,177.85,177.43,159.53,176.55,167.26,165.89,177.6,179.82,1.89,3.702,3.724,False,,,,,,,,,,,,,,,
65.988,Weightlifting,Clean & Jerk,Front View,Jerk Phase,Detected,171.13,161.15,177.54,178.12,159.72,146.22,166.16,167.89,176.88,177.89,2.49,3.702,3.724,False,,,,,,,,,,,,,,,
66.051,Weightlifting,Clean & Jerk,Front View,Jerk Phase,Detected,169.52,161.34,178.53,179.14,158.5,135.33,166.78,167.89,178.43,177.89,2.18,3.747,3.747,False,,,,,,,,,,,,,,,
66.114,Weightlifting,Clean & Jerk,Front View,Jerk Phase,Detected,171.5,163.28,174.24,177.93,160.8,146.65,166.78,167.89,178.06,179.18,2.18,3.747,3.747,False,,,,,,,,,,,,,,,
66.175,Weightlifting,Clean & Jerk,Front View,Jerk Phase,Detected,170.88,163.28,172.84,178.1,163.43,149.76,169.07,165.89,175.21,177.08,1.87,3.747,3.747,False,,,,,,,,,,,,,,,
66.239,Weightlifting,Clean & Jerk,Front View,Jerk Phase,Detected,171.5,163.28,173.1,178.92,161.94,159.15,166.78,167.89,176.88,179.18,2.18,3.747,3.747,False,,,,,,,,,,,,,,,
66.299,Weightlifting,Clean & Jerk,Front View,Jerk Phase,Detected,171.6,163.43,172.73,178.61,160.15,161.43,166.78,166.44,176.88,178.06,2.18,3.818,3.818,False,,,,,,,,,,,,,,,
66.361,Weightlifting,Clean & Jerk,Front View,Jerk Phase,Detected,170.01,164.92,173.71,177.74,163.43,159.88,167.4,165.83,178.06,178.06,1.56,3.818,3.818,False,,,,,,,,,,,,,,,
66.423,Weightlifting,Clean & Jerk,Front View,Jerk Phase,Detected,170.09,166.41,173.59,176.86,160.15,158.85,167.89,165.21,177.6,178.06,1.25,3.77,3.77,False,,,,,,,,,,,,,,,
66.487,Weightlifting,Clean & Jerk,Front View,Jerk Phase,Detected,170.09,166.41,173.32,176.86,160.42,148.3,165.79,165.21,179.11,178.06,1.25,3.77,3.77,False,,,,,,,,,,,,,,,
66.549,Weightlifting,Clean & Jerk,Front View,Jerk Phase,Detected,170.01,165.73,173.43,176.99,162.48,159.88,165.23,167.21,178.23,179.96,1.55,3.77,3.77,False,,,,,,,,,,,,,,,
66.61,Weightlifting,Clean & Jerk,Front View,Jerk Phase,Detected,170.01,165.67,173.43,176.82,162.48,158.68,166.92,166.76,178.54,178.99,1.56,3.77,3.77,False,,,,,,,,,,,,,,,
66.672,Weightlifting,Clean & Jerk,Front View,Jerk Phase,Detected,170.6,164.71,173.43,178.4,162.48,162.67,166.81,166.83,176.88,178.56,1.89,3.866,3.866,False,,,,,,,,,,,,,,,
66.737,Weightlifting,Clean & Jerk,Front View,Jerk Phase,Detected,170.72,163.82,173.03,179.85,162.77,163.54,166.33,165.35,177.75,177.08,1.89,3.866,3.866,False,,,,,,,,,,,,,,,
66.8,Weightlifting,Clean & Jerk,Front View,Jerk Phase,Detected,170.63,163.82,173.15,179.85,162.77,163.54,166.3,163.89,177.36,174.32,1.88,3.966,3.941,False,,,,,,,,,,,,,,,
66.863,Weightlifting,Clean & Jerk,Front View,Jerk Phase,Detected,170.01,165.39,173.43,179.27,162.48,164.81,168.64,163.79,175.24,175.72,1.25,3.992,3.941,False,,,,,,,,,,,,,,,
66.926,Weightlifting,Clean & Jerk,Front View,Jerk Phase,Detected,170.98,163.82,171.29,178.84,168.06,165.24,169.48,165.02,173.97,174.89,1.57,3.966,3.941,False,,,,,,,,,,,,,,,
66.99,Weightlifting,Clean & Jerk,Front View,Jerk Phase,Detected,171.08,163.01,170.88,177.22,168.37,165.99,169.48,164.95,173.97,174.89,1.56,3.966,3.941,False,,,,,,,,,,,,,,,
67.052,Weightlifting,Clean & Jerk,Front View,Jerk Phase,Detected,171.83,163.01,170.46,177.22,169.79,165.66,166.75,164.95,176.05,174.89,1.86,3.966,3.966,False,,,,,,,,,,,,,,,
67.114,Weightlifting,Clean & Jerk,Front View,Jerk Phase,Detected,170.12,162.4,171.83,177.22,168.37,168.82,167.4,166.96,176.48,177.67,1.87,3.992,3.966,False,,,,,,,,,,,,,,,
67.176,Weightlifting,Clean & Jerk,Front View,Jerk Phase,Detected,170.09,162.23,172.15,176.93,168.06,172.12,166.96,165.57,177.36,174.89,1.88,3.915,3.941,False,,,,,,,,,,,,,,,
67.239,Weightlifting,Clean & Jerk,Front View,Jerk Phase,Detected,170.63,162.23,172.26,176.93,168.06,168.94,166.3,165.57,176.21,173.49,2.18,3.915,3.941,False,,,,,,,,,,,,,,,
67.302,Weightlifting,Clean & Jerk,Front View,Jerk Phase,Detected,170.63,162.05,172.26,176.64,170.39,168.87,166.3,165.57,175.06,173.49,2.18,3.941,3.915,False,,,,,,,,,,,,,,,
67.364,Weightlifting,Clean & Jerk,Front View,Jerk Phase,Detected,170.63,162.23,172.26,176.93,170.39,172.12,166.3,165.57,176.21,174.89,2.18,3.941,3.915,False,,,,,,,,,,,,,,,
67.426,Weightlifting,Clean & Jerk,Front View,Jerk Phase,Detected,170.63,161.61,172.26,176.81,168.06,174.72,166.3,166.18,176.62,173.49,2.49,3.915,3.915,False,,,,,,,,,,,,,,,
67.488,Weightlifting,Clean & Jerk,Front View,Jerk Phase,Detected,171.6,161.61,170.13,176.81,169.22,172.23,166.3,165.63,176.21,172.58,2.49,3.915,3.915,False,,,,,,,,,,,,,,,
67.551,Weightlifting,Clean & Jerk,Front View,Jerk Phase,Detected,171.6,163.12,170.13,177.7,169.22,169.37,166.3,165.02,176.21,172.58,2.18,3.866,3.866,False,,,,,,,,,,,,,,,
67.615,Weightlifting,Clean & Jerk,Front View,Jerk Phase,Detected,171.6,163.12,170.13,177.7,171.55,177.95,166.3,165.02,176.21,172.58,2.18,3.866,3.866,False,,,,,,,,,,,,,,,
67.676,Weightlifting,Clean & Jerk,Front View,Jerk Phase,Detected,172.23,163.19,170.13,177.7,171.55,179.64,163.99,164.94,177.9,172.94,2.48,3.941,3.89,False,,,,,,,,,,,,,,,
67.739,Weightlifting,Clean & Jerk,Front View,Jerk Phase,Detected,170.63,163.12,171.1,177.7,171.55,175.41,166.3,165.57,175.06,173.49,2.18,3.941,3.89,False,,,,,,,,,,,,,,,
67.8,Weightlifting,Clean & Jerk,Front View,Jerk Phase,Detected,170.63,163.12,171.1,177.7,171.55,175.6,166.3,165.57,175.06,174.89,2.18,3.941,3.866,False,,,,,,,,,,,,,,,
67.865,Weightlifting,Clean & Jerk,Front View,Jerk Phase,Detected,170.63,163.19,171.1,177.82,171.55,175.48,165.79,164.94,176.0,173.95,2.17,3.941,3.866,False,,,,,,,,,,,,,,,
67.926,Weightlifting,Clean & Jerk,Front View,Jerk Phase,Detected,170.63,162.59,171.1,177.82,169.22,175.48,165.79,166.98,175.57,175.0,2.48,3.966,3.89,False,,,,,,,,,,,,,,,
67.989,Weightlifting,Clean & Jerk,Front View,Jerk Phase,Detected,170.63,162.59,171.1,177.7,166.97,174.96,167.56,166.98,173.81,176.32,2.48,3.966,3.89,False,,,,,,,,,,,,,,,
68.052,Weightlifting,Clean & Jerk,Front View,Jerk Phase,Detected,168.9,162.59,172.53,177.7,164.5,174.84,168.18,166.98,173.81,175.94,2.17,4.018,3.966,False,,,,,,,,,,,,,,,
68.115,Weightlifting,Clean & Jerk,Front View,Jerk Phase,Detected,168.9,162.59,172.53,176.96,164.5,178.99,168.18,166.98,173.81,176.32,2.17,4.018,3.966,False,,,,,,,,,,,,,,,
68.178,Weightlifting,Clean & Jerk,Front View,Jerk Phase,Detected,169.52,164.09,172.53,177.85,164.5,179.69,165.79,166.37,175.57,176.32,2.17,4.072,3.966,False,,,,,,,,,,,,,,,
68.242,Weightlifting,Clean & Jerk,Front View,Jerk Phase,Detected,169.63,164.02,172.07,177.85,164.82,179.69,166.33,165.57,175.06,173.77,2.19,4.072,3.966,False,,,,,,,,,,,,,,,
68.304,Weightlifting,Clean & Jerk,Front View,Jerk Phase,Detected,169.63,163.94,172.07,177.82,164.82,179.22,166.33,165.5,175.06,173.77,2.18,4.018,3.966,False,,,,,,,,,,,,,,,
68.367,Weightlifting,Clean & Jerk,Front View,Jerk Phase,Detected,169.63,164.02,172.07,177.82,166.97,179.22,166.33,165.42,175.49,174.13,2.17,4.018,3.966,False,,,,,,,,,,,,,,,
68.429,Weightlifting,Clean & Jerk,Front View,Jerk Phase,Detected,169.63,164.02,172.07,177.82,165.71,176.05,166.33,165.42,174.39,174.13,2.17,3.966,3.941,False,,,,,,,,,,,,,,,
68.495,Weightlifting,Clean & Jerk,Front View,Jerk Phase,Detected,169.63,164.09,173.23,177.85,164.55,172.98,166.81,165.5,173.91,174.13,2.18,3.966,3.941,False,,,,,,,,,,,,,,,
68.555,Weightlifting,Clean & Jerk,Front View,Jerk Phase,Detected,169.63,164.09,173.23,177.85,164.55,169.62,166.81,165.5,174.34,174.13,2.18,4.072,4.018,False,,,,,,,,,,,,,,,
68.619,Weightlifting,Clean & Jerk,Front View,Jerk Phase,Detected,169.63,164.24,173.23,178.11,164.55,169.3,166.33,165.5,175.91,174.13,2.18,4.072,4.018,False,,,,,,,,,,,,,,,
68.681,Weightlifting,Clean & Jerk,Front View,Jerk Phase,Detected,169.63,164.24,173.23,178.11,164.55,169.3,165.82,165.5,176.81,174.13,2.18,3.915,3.89,False,,,,,,,,,,,,,,,
68.743,Weightlifting,Clean & Jerk,Front View,Jerk Phase,Detected,168.03,165.6,174.2,178.76,162.35,169.41,166.45,164.89,176.42,175.45,1.56,3.915,3.89,False,,,,,,,,,,,,,,,
68.804,Weightlifting,Clean & Jerk,Front View,Jerk Phase,Detected,168.03,164.99,174.5,178.65,160.63,169.27,166.96,165.5,176.62,174.13,1.87,3.992,3.992,False,,,,,,,,,,,,,,,
68.866,Weightlifting,Clean & Jerk,Front View,Jerk Phase,Detected,168.0,164.99,174.78,178.76,160.35,162.36,166.99,165.5,176.62,174.13,1.88,3.992,3.992,False,,,,,,,,,,,,,,,
68.929,Weightlifting,Clean & Jerk,Front View,Jerk Phase,Detected,167.85,165.05,175.21,178.89,161.49,158.95,166.99,166.09,176.62,176.38,1.89,3.89,3.866,False,,,,,,,,,,,,,,,
68.991,Weightlifting,Clean & Jerk,Front View,Jerk Phase,Detected,168.83,166.56,173.13,179.78,160.48,158.95,166.99,164.95,176.62,175.45,1.57,3.89,3.866,False,,,,,,,,,,,,,,,
69.054,Weightlifting,Clean & Jerk,Front View,Jerk Phase,Detected,168.83,166.44,173.13,179.56,159.02,159.05,166.99,164.95,176.62,175.45,1.57,3.866,3.89,False,,,,,,,,,,,,,,,
69.117,Weightlifting,Clean & Jerk,Front View,Jerk Phase,Detected,167.04,167.97,174.63,179.53,161.46,165.96,165.3,162.97,178.31,172.76,1.26,3.842,3.89,False,,,,,,,,,,,,,,,
69.179,Weightlifting,Clean & Jerk,Front View,Jerk Phase,Detected,167.04,168.07,174.63,179.32,159.32,169.41,165.3,162.97,179.44,174.08,1.26,3.702,3.77,False,,,,,,,,,,,,,,,
69.24,Weightlifting,Clean & Jerk,Front View,Jerk Phase,Detected,165.49,168.07,175.58,179.32,155.35,158.95,167.07,162.39,177.13,173.12,0.94,3.702,3.77,False,,,,,,,,,,,,,,,
69.301,Weightlifting,Clean & Jerk,Front View,Jerk Phase,Detected,165.49,168.07,175.58,179.32,153.52,158.95,167.07,162.39,178.26,173.12,0.94,3.724,3.77,False,,,,,,,,,,,,,,,
69.364,Weightlifting,Clean & Jerk,Front View,Jerk Phase,Detected,165.49,168.13,175.28,179.22,157.17,163.41,167.07,161.72,178.64,174.2,0.93,3.724,3.77,False,,,,,,,,,,,,,,,
69.426,Weightlifting,Clean & Jerk,Front View,Jerk Phase,Detected,163.91,169.64,176.23,178.32,159.08,163.41,169.47,161.72,175.75,175.24,0.31,3.747,3.77,False,,,,,,,,,,,,,,,
69.487,Weightlifting,Clean & Jerk,Front View,Jerk Phase,Detected,163.91,169.59,175.91,177.56,164.02,158.88,169.47,161.16,175.36,174.2,0.31,3.747,3.77,False,,,,,,,,,,,,,,,
69.549,Weightlifting,Clean & Jerk,Front View,Jerk Phase,Detected,164.99,168.97,173.63,177.56,165.17,158.88,171.31,163.21,173.56,175.62,0.63,3.636,3.636,False,,,,,,,,,,,,,,,
69.61,Weightlifting,Clean & Jerk,Front View,Jerk Phase,Detected,164.99,168.07,173.63,179.32,165.17,160.45,171.31,163.21,173.56,175.62,0.63,3.636,3.636,False,,,,,,,,,,,,,,,
69.674,Weightlifting,Clean & Jerk,Front View,Jerk Phase,Detected,164.86,168.07,173.81,179.32,165.17,160.45,173.09,161.78,171.74,172.89,0.63,3.68,3.657,False,,,,,,,,,,,,,,,
69.738,Weightlifting,Clean & Jerk,Front View,Jerk Phase,Detected,164.99,168.07,173.63,179.32,165.17,160.45,173.14,161.78,171.03,174.2,0.63,3.68,3.657,False,,,,,,,,,,,,,,,
69.8,Weightlifting,Clean & Jerk,Front View,Jerk Phase,Detected,164.99,169.59,173.63,178.53,165.17,159.85,173.49,161.16,170.26,174.2,0.31,3.702,3.657,False,,,,,,,,,,,,,,,
69.86,Weightlifting,Clean & Jerk,Front View,Jerk Phase,Detected,165.62,168.97,173.97,178.53,163.56,156.7,172.5,163.21,169.94,175.62,0.94,3.702,3.657,False,,,,,,,,,,,,,,,
69.924,Weightlifting,Clean & Jerk,Front View,Jerk Phase,Detected,166.26,168.97,173.97,178.63,163.56,155.84,169.61,161.78,173.69,172.89,1.26,3.657,3.614,False,,,,,,,,,,,,,,,
69.991,Weightlifting,Clean & Jerk,Front View,Jerk Phase,Detected,165.62,169.87,172.86,177.63,164.68,156.7,172.12,163.21,169.68,175.21,0.94,3.657,3.614,False,,,,,,,,,,,,,,,
70.049,Weightlifting,Clean & Jerk,Front View,Jerk Phase,Detected,164.06,168.97,173.8,179.39,164.68,157.56,172.76,163.21,169.07,175.21,0.63,3.531,3.47,False,,,,,,,,,,,,,,,
70.11,Weightlifting,Clean & Jerk,Front View,Jerk Phase,Detected,163.48,168.97,172.7,179.39,167.84,157.56,172.93,163.21,169.47,173.93,0.31,3.531,3.47,False,,,,,,,,,,,,,,,
70.171,Weightlifting,Clean & Jerk,Front View,Jerk Phase,Detected,164.1,169.59,172.7,179.75,167.84,158.42,170.36,162.59,171.42,173.93,0.31,3.636,3.551,False,,,,,,,,,,,,,,,
70.234,Weightlifting,Clean & Jerk,Front View,Jerk Phase,Detected,164.99,169.59,170.28,179.68,172.64,171.52,172.76,161.16,169.07,171.21,0.31,3.636,3.551,False,,,,,,,,,,,,,,,
70.294,Weightlifting,Clean & Jerk,Front View,Jerk Phase,Detected,164.86,170.29,170.46,178.98,172.64,175.67,173.09,160.55,168.26,171.21,0.0,3.614,3.49,False,,,,,,,,,,,,,,,
70.358,Weightlifting,Clean & Jerk,Front View,Jerk Phase,Detected,163.76,170.29,172.0,178.98,172.24,175.67,173.04,160.55,166.77,172.14,0.0,3.614,3.49,False,,,,,,,,,,,,,,,
70.421,Weightlifting,Clean & Jerk,Front View,Jerk Phase,Detected,163.72,171.8,169.71,179.87,175.03,175.67,173.66,159.16,166.77,170.45,0.62,3.614,3.51,False,,,,,,,,,,,,,,,
70.489,Weightlifting,Clean & Jerk,Front View,Jerk Phase,Detected,163.92,170.38,169.52,178.25,175.03,169.77,174.02,161.15,165.44,171.82,0.31,3.636,3.51,False,,,,,,,,,,,,,,,
70.55,Weightlifting,Clean & Jerk,Front View,Jerk Phase,Detected,162.99,169.76,171.54,178.25,173.99,166.47,173.61,163.17,166.29,173.22,0.0,3.702,3.657,False,,,,,,,,,,,,,,,
70.61,Weightlifting,Clean & Jerk,Front View,Jerk Phase,Detected,164.58,171.3,169.1,179.12,176.45,158.04,171.17,161.92,168.12,172.64,0.0,3.702,3.657,False,,,,,,,,,,,,,,,
70.672,Weightlifting,Clean & Jerk,Front View,Jerk Phase,Detected,162.78,171.3,171.75,179.12,173.0,158.04,172.19,161.92,167.21,172.64,0.31,3.747,3.657,False,,,,,,,,,,,,,,,
70.734,Weightlifting,Clean & Jerk,Front View,Jerk Phase,Detected,164.02,171.36,168.49,179.19,177.06,161.55,172.53,160.5,166.31,169.9,0.31,3.794,3.657,False,,,,,,,,,,,,,,,
70.795,Weightlifting,Clean & Jerk,Front View,Jerk Phase,Detected,164.02,172.23,168.49,179.95,177.06,161.55,172.89,161.92,165.41,171.33,0.31,3.77,3.747,False,,,,,,,,,,,,,,,
70.86,Weightlifting,Clean & Jerk,Front View,Jerk Phase,Detected,164.63,170.8,168.49,178.27,177.06,162.47,170.22,163.36,169.09,174.44,0.3,3.77,3.747,False,,,,,,,,,,,,,,,
70.923,Weightlifting,Clean & Jerk,Front View,Jerk Phase,Detected,164.63,170.8,168.49,178.27,177.06,162.47,170.22,163.94,169.09,175.02,0.3,3.77,3.702,False,,,,,,,,,,,,,,,
70.986,Weightlifting,Clean & Jerk,Front View,Jerk Phase,Detected,164.16,172.28,166.85,179.19,179.45,162.47,170.88,163.38,169.09,175.02,0.31,3.77,3.702,False,,,,,,,,,,,,,,,
71.048,Weightlifting,Clean & Jerk,Front View,Jerk Phase,Detected,164.77,171.67,165.84,179.23,177.54,163.32,168.6,165.48,170.76,176.51,0.31,3.794,3.68,False,,,,,,,,,,,,,,,
71.111,Weightlifting,Clean & Jerk,Front View,Jerk Phase,Detected,163.39,173.18,166.13,179.88,177.06,164.08,169.21,162.76,170.76,173.17,0.31,3.818,3.68,False,,,,,,,,,,,,,,,
71.175,Weightlifting,Clean & Jerk,Front View,Jerk Phase,Detected,163.25,172.37,167.81,178.37,179.42,168.2,169.16,162.71,170.25,174.44,0.3,3.866,3.747,False,,,,,,,,,,,,,,,
71.237,Weightlifting,Clean & Jerk,Front View,Jerk Phase,Detected,162.44,173.18,167.01,179.19,177.54,168.75,169.76,164.23,170.25,175.96,0.61,3.866,3.747,False,,,,,,,,,,,,,,,
71.3,Weightlifting,Clean & Jerk,Front View,Jerk Phase,Detected,162.22,173.23,166.23,179.19,176.54,168.2,169.76,163.61,169.14,176.64,0.6,3.818,3.68,False,,,,,,,,,,,,,,,
71.362,Weightlifting,Clean & Jerk,Front View,Jerk Phase,Detected,162.22,173.22,166.23,179.88,176.54,170.61,169.76,164.23,170.25,177.61,0.61,3.818,3.68,False,,,,,,,,,,,,,,,
71.424,Weightlifting,Clean & Jerk,Front View,Jerk Phase,Detected,163.22,173.22,164.26,179.84,175.57,174.09,171.43,164.23,168.57,177.61,0.61,3.89,3.657,False,,,,,,,,,,,,,,,
71.488,Weightlifting,Clean & Jerk,Front View,Jerk Phase,Detected,163.42,173.78,164.06,179.92,175.57,174.3,171.0,161.5,169.53,175.48,0.91,3.89,3.657,False,,,,,,,,,,,,,,,
71.549,Weightlifting,Clean & Jerk,Front View,Jerk Phase,Detected,162.44,173.78,165.04,179.88,173.51,174.3,171.43,160.9,167.47,174.45,0.91,3.866,3.702,False,,,,,,,,,,,,,,,
71.612,Weightlifting,Clean & Jerk,Front View,Jerk Phase,Detected,163.25,173.78,164.84,179.88,171.38,174.3,169.16,159.35,169.14,170.37,0.61,3.866,3.702,False,,,,,,,,,,,,,,,
71.677,Weightlifting,Clean & Jerk,Front View,Jerk Phase,Detected,163.25,173.14,165.32,179.92,172.61,174.45,169.16,161.51,169.14,171.93,0.3,3.842,3.68,False,,,,,,,,,,,,,,,
71.737,Weightlifting,Clean & Jerk,Front View,Jerk Phase,Detected,163.25,173.14,166.29,179.92,172.83,177.32,169.16,159.95,169.14,169.4,0.3,3.842,3.68,False,,,,,,,,,,,,,,,
71.8,Weightlifting,Clean & Jerk,Front View,Jerk Phase,Detected,163.25,173.14,166.29,179.92,170.04,177.32,169.16,159.95,169.14,169.4,0.3,3.842,3.657,False,,,,,,,,,,,,,,,
71.864,Weightlifting,Clean & Jerk,Front View,Jerk Phase,Detected,163.5,173.14,167.07,179.92,173.12,177.32,169.1,159.95,167.49,170.71,0.3,3.842,3.657,False,,,,,,,,,,,,,,,
71.924,Weightlifting,Clean & Jerk,Front View,Jerk Phase,Detected,163.69,172.53,166.41,179.92,170.56,177.32,169.1,162.11,167.49,171.93,0.0,3.794,3.614,False,,,,,,,,,,,,,,,
71.99,Weightlifting,Clean & Jerk,Front View,Jerk Phase,Detected,165.22,172.53,165.94,179.92,167.14,177.32,166.86,162.11,170.79,171.93,0.3,3.794,3.614,False,,,,,,,,,,,,,,,
72.051,Weightlifting,Clean & Jerk,Front View,Jerk Phase,Detected,166.28,172.53,164.84,179.03,164.47,176.42,168.55,160.56,169.14,170.04,0.3,3.747,3.68,False,,,,,,,,,,,,,,,
72.114,Weightlifting,Clean & Jerk,Front View,Jerk Phase,Detected,166.32,172.53,169.29,179.03,173.33,173.56,169.74,160.42,166.82,168.65,0.3,3.794,3.68,False,,,,,,,,,,,,,,,
72.177,Weightlifting,Clean & Jerk,Front View,Jerk Phase,Detected,166.32,172.52,170.33,178.99,174.36,170.71,169.74,160.47,166.82,168.65,0.3,3.77,3.636,False,,,,,,,,,,,,,,,
72.241,Weightlifting,Clean & Jerk,Front View,Jerk Phase,Detected,166.32,171.91,171.72,179.04,180.0,176.48,169.74,162.54,166.82,170.1,0.61,3.77,3.636,False,,,,,,,,,,,,,,,
72.301,Weightlifting,Clean & Jerk,Front View,Jerk Phase,Detected,167.08,171.16,171.57,179.28,180.0,177.36,167.42,161.84,169.07,170.72,0.91,3.747,3.551,False,,,,,,,,,,,,,,,
72.364,Weightlifting,Clean & Jerk,Front View,Jerk Phase,Detected,167.33,170.87,174.02,179.0,171.8,176.48,167.46,164.5,169.62,170.98,1.52,3.724,3.551,False,,,,,,,,,,,,,,,
72.426,Weightlifting,Clean & Jerk,Front View,Jerk Phase,Detected,168.26,171.78,173.39,178.16,171.54,173.62,168.68,163.79,168.9,169.07,1.5,3.657,3.657,False,,,,,,,,,,,,,,,
72.488,Weightlifting,Clean & Jerk,Front View,Jerk Phase,Detected,169.04,171.78,175.46,179.04,169.23,177.36,166.89,164.43,170.16,169.71,1.82,3.657,3.657,False,,,,,,,,,,,,,,,
72.551,Weightlifting,Clean & Jerk,Front View,Jerk Phase,Detected,169.04,173.21,176.39,178.2,171.51,177.36,166.89,163.84,170.16,169.71,1.52,3.68,3.593,False,,,,,,,,,,,,,,,
72.616,Weightlifting,Clean & Jerk,Front View,Jerk Phase,Detected,169.98,173.15,175.96,178.24,166.73,177.4,167.86,163.9,168.13,169.71,1.53,3.68,3.593,False,,,,,,,,,,,,,,,
72.678,Weightlifting,Clean & Jerk,Front View,Jerk Phase,Detected,169.36,173.09,177.01,179.13,164.56,178.29,170.1,163.96,166.51,169.71,1.23,3.818,3.551,False,,,,,,,,,,,,,,,
72.74,Weightlifting,Clean & Jerk,Front View,Jerk Phase,Detected,170.92,173.09,175.66,179.16,172.78,175.3,167.86,164.57,168.69,170.59,1.54,3.818,3.551,False,,,,,,,,,,,,,,,
72.806,Weightlifting,Clean & Jerk,Front View,Jerk Phase,Detected,170.96,173.09,176.64,179.16,171.8,172.31,167.37,164.57,169.14,169.28,1.53,3.866,3.636,False,,,,,,,,,,,,,,,
72.868,Weightlifting,Clean & Jerk,Front View,Jerk Phase,Detected,170.34,173.09,177.72,179.16,165.41,172.31,168.44,166.09,168.13,172.11,1.23,3.866,3.636,False,,,,,,,,,,,,,,,
72.928,Weightlifting,Clean & Jerk,Front View,Jerk Phase,Detected,170.34,173.69,177.83,179.16,165.3,172.31,168.86,164.54,167.13,171.46,0.92,3.89,3.614,False,,,,,,,,,,,,,,,
72.99,Weightlifting,Clean & Jerk,Front View,Jerk Phase,Detected,171.19,173.69,177.99,179.16,165.87,172.6,168.86,163.97,167.13,169.28,0.92,3.89,3.614,False,,,,,,,,,,,,,,,
73.053,Weightlifting,Clean & Jerk,Front View,Jerk Phase,Detected,171.27,173.69,178.61,179.16,166.2,175.45,168.86,165.49,167.13,172.11,0.92,3.89,3.593,False,,,,,,,,,,,,,,,
73.115,Weightlifting,Clean & Jerk,Front View,Jerk Phase,Detected,171.55,173.69,176.82,179.16,163.36,175.45,171.06,166.03,165.54,172.65,0.61,3.89,3.593,False,,,,,,,,,,,,,,,
73.175,Weightlifting,Clean & Jerk,Front View,Jerk Phase,Detected,171.55,173.69,176.82,179.16,163.36,175.45,171.06,166.03,165.54,172.65,0.61,3.89,3.593,False,,,,,,,,,,,,,,,
73.239,Weightlifting,Clean & Jerk,Front View,Jerk Phase,Detected,171.6,173.69,176.71,179.16,162.09,175.45,171.02,166.03,165.54,172.65,0.61,3.89,3.593,False,,,,,,,,,,,,,,,
73.301,Weightlifting,Clean & Jerk,Front View,Jerk Phase,Detected,171.6,173.69,176.71,179.16,162.09,175.45,171.02,166.03,165.54,171.1,0.61,3.915,3.572,False,,,,,,,,,,,,,,,
73.364,Weightlifting,Clean & Jerk,Front View,Jerk Phase,Detected,171.6,175.14,176.71,177.47,162.09,174.61,169.43,163.94,168.26,169.61,0.3,3.915,3.572,False,,,,,,,,,,,,,,,
73.428,Weightlifting,Clean & Jerk,Front View,Jerk Phase,Detected,171.6,175.14,176.71,177.47,158.38,174.75,169.43,163.94,168.26,169.61,0.3,3.941,3.551,False,,,,,,,,,,,,,,,
73.492,Weightlifting,Clean & Jerk,Front View,Jerk Phase,Detected,173.86,175.14,174.24,177.47,159.19,177.47,168.4,163.36,169.25,169.04,0.61,3.941,3.551,False,,,,,,,,,,,,,,,
73.553,Weightlifting,Clean & Jerk,Front View,Jerk Phase,Detected,173.86,175.14,174.24,177.47,159.19,177.47,168.4,163.36,169.25,169.04,0.61,3.915,3.572,False,,,,,,,,,,,,,,,
73.615,Weightlifting,Clean & Jerk,Front View,Jerk Phase,Detected,172.42,175.14,175.89,177.47,158.38,177.47,170.22,163.36,169.7,169.04,0.3,3.915,3.572,False,,,,,,,,,,,,,,,
73.676,Weightlifting,Clean & Jerk,Front View,Jerk Phase,Detected,172.42,175.14,175.89,177.47,158.38,177.47,171.92,163.36,166.88,169.04,0.3,3.89,3.636,False,,,,,,,,,,,,,,,
73.74,Weightlifting,Clean & Jerk,Front View,Jerk Phase,Detected,172.42,175.19,175.89,178.32,160.87,178.32,170.22,162.7,168.57,168.2,0.3,3.89,3.636,False,,,,,,,,,,,,,,,
73.803,Weightlifting,Clean & Jerk,Front View,Jerk Phase,Detected,172.42,175.19,175.89,178.32,163.47,178.32,170.63,162.7,167.62,168.2,0.3,3.77,3.572,False,,,,,,,,,,,,,,,
73.869,Weightlifting,Clean & Jerk,Front View,Jerk Phase,Detected,171.04,176.04,177.53,176.62,165.36,177.47,173.18,162.7,163.93,168.2,0.0,3.77,3.572,False,,,,,,,,,,,,,,,
73.929,Weightlifting,Clean & Jerk,Front View,Jerk Phase,Detected,171.04,176.04,177.53,176.62,168.18,177.47,171.94,163.31,166.31,169.04,0.0,3.702,3.636,False,,,,,,,,,,,,,,,
73.993,Weightlifting,Clean & Jerk,Front View,Jerk Phase,Detected,170.99,176.61,176.71,176.64,172.69,177.51,171.24,162.15,168.16,169.2,0.3,3.68,3.636,False,,,,,,,,,,,,,,,
74.054,Weightlifting,Clean & Jerk,Front View,Jerk Phase,Detected,172.42,175.14,175.89,177.51,169.91,177.51,170.22,162.11,169.09,168.32,0.3,3.702,3.572,False,,,,,,,,,,,,,,,
74.118,Weightlifting,Clean & Jerk,Front View,Jerk Phase,Detected,172.42,175.14,175.99,177.51,168.89,177.51,171.02,162.76,167.24,169.2,0.3,3.702,3.572,False,,,,,,,,,,,,,,,
74.178,Weightlifting,Clean & Jerk,Front View,Jerk Phase,Detected,172.42,175.14,176.04,177.51,168.89,177.51,171.34,162.76,166.31,169.2,0.3,3.702,3.593,False,,,,,,,,,,,,,,,
74.242,Weightlifting,Clean & Jerk,Front View,Jerk Phase,Detected,173.26,175.19,175.2,177.51,166.08,177.51,172.9,162.7,163.61,169.45,0.3,3.702,3.593,False,,,,,,,,,,,,,,,
74.306,Weightlifting,Clean & Jerk,Front View,Jerk Phase,Detected,173.25,174.59,175.16,176.68,166.08,176.68,172.63,163.3,164.51,169.45,0.61,3.724,3.551,False,,,,,,,,,,,,,,,
74.37,Weightlifting,Clean & Jerk,Front View,Jerk Phase,Detected,173.25,175.14,175.16,176.63,168.89,176.63,171.02,161.88,167.24,168.83,0.3,3.724,3.551,False,,,,,,,,,,,,,,,
74.432,Weightlifting,Clean & Jerk,Front View,Jerk Phase,Detected,173.25,175.19,175.16,176.63,168.89,176.63,171.02,161.18,167.24,166.91,0.3,3.68,3.614,False,,,,,,,,,,,,,,,
74.494,Weightlifting,Clean & Jerk,Front View,Jerk Phase,Detected,172.65,175.19,175.06,176.68,175.54,176.68,173.23,162.7,165.63,169.71,0.0,3.702,3.614,False,,,,,,,,,,,,,,,
74.557,Weightlifting,Clean & Jerk,Front View,Jerk Phase,Detected,174.13,176.05,174.23,174.99,178.46,175.86,172.24,162.7,165.97,169.71,0.3,3.724,3.636,False,,,,,,,,,,,,,,,
74.62,Weightlifting,Clean & Jerk,Front View,Jerk Phase,Detected,173.3,175.24,175.88,175.86,174.72,178.72,170.59,161.13,167.62,168.47,0.3,3.702,3.636,False,,,,,,,,,,,,,,,
74.682,Weightlifting,Clean & Jerk,Front View,Jerk Phase,Detected,173.3,175.24,175.88,175.86,171.87,178.72,170.59,161.13,167.62,168.47,0.3,3.724,3.614,False,,,,,,,,,,,,,,,
74.746,Weightlifting,Clean & Jerk,Front View,Jerk Phase,Detected,172.7,175.24,175.88,175.86,171.87,178.72,172.84,161.13,165.97,168.47,0.0,3.747,3.614,False,,,,,,,,,,,,,,,
74.81,Weightlifting,Clean & Jerk,Front View,Jerk Phase,Detected,172.7,175.24,175.88,175.86,171.87,175.86,170.78,162.65,168.57,171.28,0.0,3.702,3.572,False,,,,,,,,,,,,,,,
74.871,Weightlifting,Clean & Jerk,Front View,Jerk Phase,Detected,172.7,175.19,175.88,175.86,171.87,175.86,171.94,162.7,166.31,170.98,0.0,3.702,3.572,False,,,,,,,,,,,,,,,
74.933,Weightlifting,Clean & Jerk,Front View,Jerk Phase,Detected,172.08,173.73,175.84,176.77,169.09,175.91,174.16,163.91,163.61,171.89,0.0,3.724,3.572,False,,,,,,,,,,,,,,,
74.997,Weightlifting,Clean & Jerk,Front View,Jerk Phase,Detected,172.08,174.33,175.84,176.71,171.87,178.72,174.16,163.31,163.61,173.17,0.3,3.724,3.572,False,,,,,,,,,,,,,,,
75.06,Weightlifting,Clean & Jerk,Front View,Jerk Phase,Detected,172.1,174.33,175.88,176.71,171.87,178.72,174.1,163.89,163.61,174.09,0.3,3.68,3.636,False,,,,,,,,,,,,,,,
75.122,Weightlifting,Clean & Jerk,Front View,Jerk Phase,Detected,173.53,174.97,175.14,176.77,165.27,178.93,173.5,161.18,163.61,171.69,0.3,3.68,3.636,False,,,,,,,,,,,,,,,
75.184,Weightlifting,Clean & Jerk,Front View,Jerk Phase,Detected,173.58,174.97,175.14,176.77,159.95,178.93,173.13,161.79,163.93,172.64,0.3,3.724,3.636,False,,,,,,,,,,,,,,,
75.247,Weightlifting,Clean & Jerk,Front View,Jerk Phase,Detected,173.58,174.97,175.14,176.77,159.95,178.78,173.13,161.79,165.07,172.64,0.3,3.724,3.636,False,,,,,,,,,,,,,,,
75.309,Weightlifting,Clean & Jerk,Front View,Jerk Phase,Detected,173.6,174.97,175.02,176.77,160.05,178.78,172.79,163.25,165.97,175.39,0.3,3.68,3.593,False,,,,,,,,,,,,,,,
75.37,Weightlifting,Clean & Jerk,Front View,Jerk Phase,Detected,172.73,175.02,175.84,177.54,162.65,179.7,172.84,163.2,165.97,175.39,0.3,3.68,3.593,False,,,,,,,,,,,,,,,
75.434,Weightlifting,Clean & Jerk,Front View,Jerk Phase,Detected,172.13,175.02,175.84,177.54,165.36,179.7,175.11,163.2,164.3,175.39,0.6,3.68,3.657,False,,,,,,,,,,,,,,,
75.496,Weightlifting,Clean & Jerk,Front View,Jerk Phase,Detected,172.08,173.53,175.84,178.39,168.18,179.7,174.85,163.84,165.68,175.02,0.3,3.68,3.657,False,,,,,,,,,,,,,,,
75.556,Weightlifting,Clean & Jerk,Front View,Jerk Phase,Detected,172.04,174.09,175.97,178.47,171.0,179.74,174.52,161.18,165.44,172.6,0.6,3.77,3.572,False,,,,,,,,,,,,,,,
75.619,Weightlifting,Clean & Jerk,Front View,Jerk Phase,Detected,172.87,174.12,175.14,177.62,168.08,175.91,175.16,161.79,163.74,173.57,0.6,3.77,3.572,False,,,,,,,,,,,,,,,
75.681,Weightlifting,Clean & Jerk,Front View,Jerk Phase,Detected,172.87,174.12,175.14,177.62,165.27,178.93,173.84,161.79,165.63,173.21,0.6,3.747,3.636,False,,,,,,,,,,,,,,,
75.745,Weightlifting,Clean & Jerk,Front View,Jerk Phase,Detected,172.89,174.14,175.02,177.54,165.36,178.87,173.49,163.25,166.51,175.9,0.6,3.747,3.636,False,,,,,,,,,,,,,,,
75.804,Weightlifting,Clean & Jerk,Front View,Jerk Phase,Detected,172.89,174.78,175.02,177.48,165.36,178.81,173.49,161.16,166.51,174.44,0.9,3.866,3.657,False,,,,,,,,,,,,,,,
75.871,Weightlifting,Clean & Jerk,Front View,Jerk Phase,Detected,172.81,174.74,175.14,177.54,165.27,178.87,174.91,162.65,164.59,176.27,0.91,3.866,3.657,False,,,,,,,,,,,,,,,
75.93,Weightlifting,Clean & Jerk,Front View,Jerk Phase,Detected,172.81,174.7,175.05,177.48,169.09,178.66,174.57,162.69,164.92,175.9,0.91,3.747,3.702,False,,,,,,,,,,,,,,,
75.994,Weightlifting,Clean & Jerk,Front View,Jerk Phase,Detected,172.81,174.7,175.05,177.48,166.39,178.66,174.91,163.24,164.59,176.82,0.91,3.747,3.702,False,,,,,,,,,,,,,,,
76.058,Weightlifting,Clean & Jerk,Front View,Jerk Phase,Detected,172.84,174.7,174.93,177.48,163.88,178.66,173.55,163.24,166.51,176.82,0.91,3.818,3.68,False,,,,,,,,,,,,,,,
76.121,Weightlifting,Clean & Jerk,Front View,Jerk Phase,Detected,174.26,174.7,174.11,177.48,163.88,178.66,172.94,163.24,165.41,176.82,0.61,3.818,3.68,False,,,,,,,,,,,,,,,
76.185,Weightlifting,Clean & Jerk,Front View,Jerk Phase,Detected,174.26,174.7,174.11,177.48,163.88,178.66,172.94,163.24,165.41,177.66,0.61,3.842,3.68,False,,,,,,,,,,,,,,,
76.248,Weightlifting,Clean & Jerk,Front View,Jerk Phase,Detected,174.26,174.71,174.2,177.57,165.36,178.72,172.58,163.2,166.31,176.44,0.61,3.842,3.68,False,,,,,,,,,,,,,,,
76.308,Weightlifting,Clean & Jerk,Front View,Jerk Phase,Detected,174.26,175.57,174.2,175.89,168.18,177.89,172.19,163.2,167.21,175.22,0.61,3.77,3.657,False,,,,,,,,,,,,,,,
76.371,Weightlifting,Clean & Jerk,Front View,Jerk Phase,Detected,172.89,175.57,174.93,175.89,168.27,177.89,174.85,163.2,164.59,176.44,0.9,3.77,3.657,False,,,,,,,,,,,,,,,
76.433,Weightlifting,Clean & Jerk,Front View,Jerk Phase,Detected,172.89,175.58,174.93,175.87,165.46,175.03,174.85,163.2,163.52,176.44,0.9,3.724,3.636,False,,,,,,,,,,,,,,,
76.493,Weightlifting,Clean & Jerk,Front View,Jerk Phase,Detected,172.95,175.58,174.93,175.87,165.46,175.03,173.07,163.72,166.31,177.34,0.9,3.724,3.636,False,,,,,,,,,,,,,,,
76.557,Weightlifting,Clean & Jerk,Front View,Jerk Phase,Detected,172.95,175.62,174.93,175.87,165.46,175.03,173.44,163.16,165.41,175.57,0.9,3.702,3.68,False,,,,,,,,,,,,,,,
76.622,Weightlifting,Clean & Jerk,Front View,Jerk Phase,Detected,172.95,175.62,175.76,174.97,161.91,171.26,173.07,163.16,165.77,175.57,0.9,3.702,3.68,False,,,,,,,,,,,,,,,
76.684,Weightlifting,Clean & Jerk,Front View,Jerk Phase,Detected,172.95,175.62,175.76,174.97,161.91,174.12,173.07,163.16,165.77,175.57,0.9,3.77,3.724,False,,,,,,,,,,,,,,,
76.747,Weightlifting,Clean & Jerk,Front View,Jerk Phase,Detected,172.95,176.19,175.76,175.06,156.82,174.21,173.07,162.03,164.69,176.27,1.19,3.77,3.724,False,,,,,,,,,,,,,,,
76.81,Weightlifting,Clean & Jerk,Front View,Jerk Phase,Detected,172.95,176.19,175.84,175.06,152.89,174.21,173.07,162.03,164.69,176.27,1.19,3.818,3.702,False,,,,,,,,,,,,,,,
76.871,Weightlifting,Clean & Jerk,Front View,Jerk Phase,Detected,172.93,174.7,175.87,175.81,152.89,171.4,173.07,163.24,164.69,175.57,0.9,3.818,3.702,False,,,,,,,,,,,,,,,
76.935,Weightlifting,Clean & Jerk,Front View,Jerk Phase,Detected,173.76,174.68,174.22,175.92,156.15,171.48,173.07,163.24,164.69,174.3,0.9,3.702,3.636,False,,,,,,,,,,,,,,,
77.0,Weightlifting,Clean & Jerk,Front View,Jerk Phase,Detected,172.87,174.68,175.87,175.92,155.33,171.48,173.49,162.11,164.33,172.53,0.91,3.702,3.636,False,,,,,,,,,,,,,,,
77.061,Weightlifting,Clean & Jerk,Front View,Jerk Phase,Detected,172.87,174.65,175.87,176.77,155.33,175.03,173.13,162.11,165.24,172.53,0.91,3.702,3.636,False,,,,,,,,,,,,,,,
77.122,Weightlifting,Clean & Jerk,Front View,Jerk Phase,Detected,172.87,174.69,175.78,176.77,156.82,175.03,173.13,162.07,165.24,172.85,0.9,3.702,3.636,False,,,,,,,,,,,,,,,
77.186,Weightlifting,Clean & Jerk,Front View,Jerk Phase,Detected,172.87,174.69,175.78,175.94,156.82,171.48,171.84,162.07,167.06,172.85,0.9,3.77,3.657,False,,,,,,,,,,,,,,,
77.248,Weightlifting,Clean & Jerk,Front View,Jerk Phase,Detected,172.87,174.71,175.78,175.83,152.19,171.4,173.49,162.07,164.33,172.53,0.9,3.77,3.657,False,,,,,,,,,,,,,,,
77.309,Weightlifting,Clean & Jerk,Front View,Jerk Phase,Detected,172.87,174.71,175.87,175.83,148.39,171.4,173.49,163.59,164.33,175.27,0.9,3.614,3.702,False,,,,,,,,,,,,,,,
77.374,Weightlifting,Clean & Jerk,Front View,Jerk Phase,Detected,172.93,174.71,175.78,175.83,154.45,171.4,173.07,162.07,164.69,172.53,0.9,3.614,3.702,False,,,,,,,,,,,,,,,
77.434,Weightlifting,Clean & Jerk,Front View,Jerk Phase,Detected,172.93,175.31,175.78,175.83,156.82,171.4,173.07,159.99,165.24,171.05,1.2,3.724,3.747,False,,,,,,,,,,,,,,,
77.497,Weightlifting,Clean & Jerk,Front View,Jerk Phase,Detected,172.93,175.31,175.78,175.83,156.82,171.4,173.07,159.99,164.69,171.05,1.2,3.724,3.747,False,,,,,,,,,,,,,,,
77.56,Weightlifting,Clean & Jerk,Front View,Jerk Phase,Detected,172.93,175.31,175.78,175.83,156.82,174.12,173.07,159.99,164.69,171.05,1.2,3.77,3.68,False,,,,,,,,,,,,,,,
77.621,Weightlifting,Clean & Jerk,Front View,Jerk Phase,Detected,172.87,174.71,175.78,175.83,154.45,174.12,171.84,162.07,166.53,172.53,0.9,3.77,3.68,False,,,,,,,,,,,,,,,
77.685,Weightlifting,Clean & Jerk,Front View,Jerk Phase,Detected,172.87,173.9,175.78,177.41,152.19,174.88,171.84,162.07,166.53,172.53,0.9,3.657,3.702,False,,,,,,,,,,,,,,,
77.75,Weightlifting,Clean & Jerk,Front View,Jerk Phase,Detected,172.27,173.86,175.78,177.52,152.19,174.96,174.1,162.07,164.88,172.53,1.21,3.657,3.702,False,,,,,,,,,,,,,,,
77.811,Weightlifting,Clean & Jerk,Front View,Jerk Phase,Detected,172.27,173.86,175.78,177.52,152.19,174.96,174.1,162.07,164.88,172.53,1.21,3.794,3.747,False,,,,,,,,,,,,,,,
77.872,Weightlifting,Clean & Jerk,Front View,Jerk Phase,Detected,172.24,173.86,174.97,177.52,156.64,172.23,174.1,162.07,164.33,172.53,1.21,3.794,3.747,False,,,,,,,,,,,,,,,
77.942,Weightlifting,Clean & Jerk,Front View,Jerk Phase,Detected,172.24,174.45,174.97,177.52,155.28,172.1,174.1,159.99,164.33,169.82,1.51,3.77,3.724,False,,,,,,,,,,,,,,,
78.0,Weightlifting,Clean & Jerk,Front View,Jerk Phase,Detected,172.24,174.45,174.97,177.52,153.02,172.1,172.45,161.48,167.06,172.53,1.51,3.77,3.724,False,,,,,,,,,,,,,,,
78.063,Weightlifting,Clean & Jerk,Front View,Jerk Phase,Detected,172.24,174.45,174.97,177.59,150.87,172.02,172.45,161.48,167.57,171.3,1.51,3.794,3.702,False,,,,,,,,,,,,,,,
78.125,Weightlifting,Clean & Jerk,Front View,Jerk Phase,Detected,173.69,173.82,174.13,176.69,153.02,171.26,171.43,162.69,167.98,171.88,0.91,3.818,3.702,False,,,,,,,,,,,,,,,
78.187,Weightlifting,Clean & Jerk,Front View,Jerk Phase,Detected,173.69,173.82,174.13,176.69,155.28,171.26,171.43,162.69,167.98,171.88,0.91,3.657,3.68,False,,,,,,,,,,,,,,,
78.251,Weightlifting,Clean & Jerk,Front View,Jerk Phase,Detected,173.63,172.93,174.13,178.37,160.14,172.1,169.82,162.73,171.17,171.6,0.92,3.657,3.68,False,,,,,,,,,,,,,,,
78.309,Weightlifting,Clean & Jerk,Front View,Jerk Phase,Detected,173.63,172.93,174.13,178.37,162.75,172.1,169.82,162.73,171.17,171.6,0.92,3.68,3.702,False,,,,,,,,,,,,,,,
78.374,Weightlifting,Clean & Jerk,Front View,Jerk Phase,Detected,173.02,172.93,174.13,178.37,160.14,172.1,172.1,163.28,168.95,172.43,1.23,3.68,3.702,False,,,,,,,,,,,,,,,
78.437,Weightlifting,Clean & Jerk,Front View,Jerk Phase,Detected,173.02,172.93,174.13,178.37,160.14,172.1,170.88,163.28,170.72,172.43,1.23,3.593,3.747,False,,,,,,,,,,,,,,,
78.499,Weightlifting,Clean & Jerk,Front View,Jerk Phase,Detected,172.95,173.75,174.13,176.81,160.14,171.34,170.95,162.73,170.72,171.6,1.23,3.593,3.747,False,,,,,,,,,,,,,,,
78.561,Weightlifting,Clean & Jerk,Front View,Jerk Phase,Detected,172.95,173.71,174.13,177.63,160.14,175.03,170.95,162.77,170.72,171.34,1.24,3.657,3.747,False,,,,,,,,,,,,,,,
78.622,Weightlifting,Clean & Jerk,Front View,Jerk Phase,Detected,172.95,173.71,174.13,176.81,155.28,171.34,170.49,161.31,171.63,169.88,1.24,3.657,3.747,False,,,,,,,,,,,,,,,
78.684,Weightlifting,Clean & Jerk,Front View,Jerk Phase,Detected,172.89,173.74,174.13,176.77,153.02,174.21,169.41,161.31,172.78,169.63,1.25,3.724,3.77,False,,,,,,,,,,,,,,,
78.748,Weightlifting,Clean & Jerk,Front View,Jerk Phase,Detected,172.95,173.7,174.03,177.59,157.75,177.89,169.35,161.93,172.78,171.37,1.25,3.724,3.77,False,,,,,,,,,,,,,,,
78.809,Weightlifting,Clean & Jerk,Front View,Jerk Phase,Detected,172.95,173.71,174.03,177.63,160.24,177.89,168.85,159.89,173.72,169.1,1.24,3.77,3.724,False,,,,,,,,,,,,,,,
78.871,Weightlifting,Clean & Jerk,Front View,Jerk Phase,Detected,172.95,173.67,174.03,177.67,160.24,177.76,168.32,158.49,173.26,166.57,1.24,3.77,3.724,False,,,,,,,,,,,,,,,
78.934,Weightlifting,Clean & Jerk,Front View,Jerk Phase,Detected,172.95,173.67,174.03,177.67,160.24,177.89,168.32,158.49,172.8,167.71,1.24,3.702,3.747,False,,,,,,,,,,,,,,,
78.996,Weightlifting,Clean & Jerk,Front View,Jerk Phase,Detected,172.95,173.67,174.88,177.67,156.91,177.89,166.67,155.08,175.46,161.8,1.24,3.702,3.747,False,,,,,,,,,,,,,,,
79.057,Weightlifting,Clean & Jerk,Front View,Jerk Phase,Detected,172.11,173.67,176.57,177.67,154.65,175.03,166.67,153.76,175.46,159.34,1.24,3.747,3.747,False,,,,,,,,,,,,,,,
79.121,Weightlifting,Clean & Jerk,Front View,Jerk Phase,Detected,171.54,172.84,176.59,179.26,149.9,178.66,163.99,152.47,179.26,156.91,1.54,3.747,3.747,False,,,,,,,,,,,,,,,
79.184,Weightlifting,Clean & Jerk,Front View,Jerk Phase,Detected,171.54,172.84,176.59,179.26,147.71,178.66,163.32,152.47,178.17,156.91,1.54,3.842,3.724,False,,,,,,,,,,,,,,,
79.247,Weightlifting,Clean & Jerk,Front View,Jerk Phase,Detected,171.47,172.83,175.75,179.32,144.54,178.66,161.0,150.38,175.13,154.69,1.54,3.842,3.724,False,,,,,,,,,,,,,,,
79.308,Weightlifting,Clean & Jerk,Front View,Jerk Phase,Detected,171.52,172.83,174.93,179.32,145.39,175.79,159.45,149.14,172.59,152.33,1.53,3.747,3.747,False,,,,,,,,,,,,,,,
79.37,Weightlifting,Clean & Jerk,Front View,Jerk Phase,Detected,171.47,172.83,175.66,179.25,150.84,175.73,158.75,147.95,172.48,151.14,1.54,3.702,3.747,False,,,,,,,,,,,,,,,
79.433,Weightlifting,Clean & Jerk,Front View,Jerk Phase,Detected,170.86,172.83,175.56,179.25,157.09,175.73,160.87,147.95,173.99,151.14,1.85,3.77,3.747,False,,,,,,,,,,,,,,,
79.497,Weightlifting,Clean & Jerk,Front View,Jerk Phase,Detected,170.86,172.83,175.56,179.25,157.09,175.73,157.05,143.67,169.51,144.88,1.85,3.77,3.747,False,,,,,,,,,,,,,,,
79.558,Weightlifting,Clean & Jerk,Front View,Jerk Phase,Detected,170.86,172.83,175.56,179.25,157.09,175.73,154.7,140.63,167.55,139.41,1.85,3.866,3.794,False,,,,,,,,,,,,,,,
79.624,Weightlifting,Clean & Jerk,Front View,Jerk Phase,Detected,170.86,172.17,175.56,179.32,159.58,175.79,149.56,138.3,158.24,133.99,1.55,3.818,3.794,False,,,,,,,,,,,,,,,
79.684,Weightlifting,Clean & Jerk,Front View,Jerk Phase,Detected,170.78,172.17,175.56,179.32,159.58,175.79,147.09,138.3,152.1,132.78,1.56,3.77,3.818,False,,,,,,,,,,,,,,,
79.746,Weightlifting,Clean & Jerk,Front View,Jerk Phase,Detected,170.13,172.17,175.59,179.25,159.58,178.74,143.13,137.26,141.48,131.74,1.87,3.77,3.818,False,,,,,,,,,,,,,,,
79.815,Weightlifting,Clean & Jerk,Front View,Jerk Phase,Detected,170.13,172.13,175.68,179.19,158.16,178.53,140.93,138.38,138.11,130.3,1.88,3.842,3.866,False,,,,,,,,,,,,,,,
79.87,Weightlifting,Clean & Jerk,Front View,Jerk Phase,Detected,170.13,172.18,175.68,178.27,160.85,177.82,135.31,133.24,128.55,124.22,1.88,3.842,3.866,False,,,,,,,,,,,,,,,
79.934,Weightlifting,Clean & Jerk,Front View,Jerk Phase,Detected,170.11,172.13,175.71,178.27,163.67,177.99,134.04,134.39,127.24,125.12,1.89,3.842,3.89,False,,,,,,,,,,,,,,,
79.998,Weightlifting,Clean & Jerk,Front View,Jerk Phase,Detected,171.51,172.13,174.84,178.19,164.8,177.74,126.33,130.11,117.41,119.5,1.58,3.842,3.89,False,,,,,,,,,,,,,,,
80.06,Weightlifting,Clean & Jerk,Front View,Jerk Phase,Detected,171.51,172.13,174.84,178.19,164.8,177.74,123.42,128.91,114.49,118.31,1.58,3.77,3.747,False,,,,,,,,,,,,,,,
80.122,Weightlifting,Clean & Jerk,Front View,Jerk Phase,Detected,171.51,172.13,174.93,179.07,163.58,178.39,118.52,122.3,105.35,109.06,1.58,3.77,3.747,False,,,,,,,,,,,,,,,
80.184,Weightlifting,Clean & Jerk,Front View,Jerk Phase,Detected,171.44,172.13,175.69,179.07,165.75,178.39,118.6,122.3,103.97,109.06,1.59,3.818,3.89,False,,,,,,,,,,,,,,,
80.248,Weightlifting,Clean & Jerk,Front View,Jerk Phase,Detected,170.47,172.13,177.43,179.07,164.89,178.06,118.14,119.6,101.63,107.26,1.6,3.818,3.89,False,,,,,,,,,,,,,,,
80.311,Weightlifting,Clean & Jerk,Front View,Jerk Phase,Detected,170.47,172.08,177.43,179.12,164.89,178.39,116.69,120.96,100.18,108.43,1.6,3.77,3.818,False,,,,,,,,,,,,,,,
80.373,Weightlifting,Clean & Jerk,Front View,Jerk Phase,Detected,170.47,172.13,177.36,179.0,168.87,178.46,115.21,119.6,98.83,105.03,1.6,3.77,3.818,False,,,,,,,,,,,,,,,
80.435,Weightlifting,Clean & Jerk,Front View,Jerk Phase,Detected,170.47,172.13,177.36,179.0,165.96,175.49,113.29,118.2,97.39,103.37,1.6,3.657,3.724,False,,,,,,,,,,,,,,,
80.503,Weightlifting,Clean & Jerk,Front View,Jerk Phase,Detected,171.37,172.18,175.59,179.0,168.88,178.46,111.8,110.74,96.91,97.42,1.59,3.657,3.724,False,,,,,,,,,,,,,,,
80.563,Weightlifting,Clean & Jerk,Front View,Jerk Phase,Detected,171.37,172.18,175.59,178.11,168.88,179.35,111.8,110.74,97.13,97.42,1.59,3.614,3.702,False,,,,,,,,,,,,,,,
80.627,Weightlifting,Clean & Jerk,Front View,Jerk Phase,Detected,171.45,172.23,175.59,178.06,165.83,179.35,111.0,109.18,90.33,94.21,1.58,3.593,3.702,False,,,,,,,,,,,,,,,
80.687,Weightlifting,Clean & Jerk,Front View,Jerk Phase,Detected,171.38,172.23,176.46,178.19,162.02,179.26,111.09,105.94,90.33,91.33,1.58,3.614,3.747,False,,,,,,,,,,,,,,,
80.752,Weightlifting,Clean & Jerk,Front View,Jerk Phase,Detected,170.74,172.23,176.46,178.19,159.2,176.3,113.15,107.93,84.52,91.36,1.9,3.614,3.747,False,,,,,,,,,,,,,,,
80.815,Weightlifting,Clean & Jerk,Front View,Jerk Phase,Detected,170.74,172.23,176.46,178.19,159.2,176.3,113.15,108.34,83.49,94.57,1.9,3.657,3.724,False,,,,,,,,,,,,,,,
80.88,Weightlifting,Clean & Jerk,Front View,Jerk Phase,Detected,170.05,172.84,178.21,178.19,158.32,176.3,111.54,104.0,66.45,90.0,2.19,3.657,3.724,False,,,,,,,,,,,,,,,
80.94,Weightlifting,Clean & Jerk,Front View,Jerk Phase,Detected,170.05,172.84,178.21,178.11,156.96,176.83,111.21,104.31,57.99,90.31,2.19,3.551,3.614,False,,,,,,,,,,,,,,,
81.002,Weightlifting,Clean & Jerk,Front View,Jerk Phase,Detected,170.05,172.84,178.21,178.11,159.89,173.47,105.52,100.82,52.31,83.09,2.19,3.551,3.614,False,,,,,,,,,,,,,,,
81.064,Weightlifting,Clean & Jerk,Front View,Jerk Phase,Detected,170.05,172.84,178.21,178.11,162.97,173.47,102.62,99.05,54.59,79.41,2.19,3.531,3.593,False,,,,,,,,,,,,,,,
81.127,Weightlifting,Clean & Jerk,Front View,Jerk Phase,Detected,171.69,170.7,174.73,178.09,164.72,174.35,102.71,103.59,35.36,53.62,1.58,3.531,3.593,False,,,,,,,,,,,,,,,
81.187,Weightlifting,Clean & Jerk,Front View,Jerk Phase,Detected,171.06,171.27,174.73,178.09,164.72,174.35,102.03,104.13,34.06,49.53,2.23,3.572,3.636,False,,,,,,,,,,,,,,,
81.248,Weightlifting,Clean & Jerk,Front View,Jerk Phase,Detected,171.16,171.32,174.73,177.99,164.72,174.45,94.33,97.62,13.92,36.96,2.2,3.593,3.636,False,,,,,,,,,,,,,,,
81.31,Weightlifting,Clean & Jerk,Front View,Jerk Phase,Detected,170.19,171.32,176.4,177.99,160.84,174.45,94.43,95.99,12.59,38.51,2.21,3.531,3.702,False,,,,,,,,,,,,,,,
81.371,Weightlifting,Clean & Jerk,Front View,Jerk Phase,Detected,169.57,171.34,176.4,178.06,163.91,174.45,97.98,91.16,31.34,102.56,2.5,3.551,3.702,False,,,,,,,,,,,,,,,
81.436,Weightlifting,Clean & Jerk,Front View,Jerk Phase,Detected,169.05,171.95,176.4,178.06,167.11,176.88,96.71,89.25,54.71,101.52,3.11,3.636,3.77,False,,,,,,,,,,,,,,,
81.497,Weightlifting,Clean & Jerk,Front View,Jerk Phase,Detected,168.44,171.95,176.4,178.06,170.43,176.88,91.82,89.14,83.63,80.48,3.42,3.636,3.77,False,,,,,,,,,,,,,,,
81.562,Weightlifting,Clean & Jerk,Front View,Jerk Phase,Detected,168.45,173.43,176.32,177.18,168.15,176.88,90.08,87.04,82.18,69.44,3.73,3.614,3.724,False,,,,,,,,,,,,,,,
81.621,Weightlifting,Clean & Jerk,Front View,Jerk Phase,Detected,168.45,172.83,176.24,177.08,172.08,177.47,86.66,85.96,91.04,79.26,3.42,3.614,3.724,False,,,,,,,,,,,,,,,
81.684,Weightlifting,Clean & Jerk,Front View,Jerk Phase,Detected,168.44,172.83,176.33,177.08,171.3,174.55,84.99,84.44,91.67,80.78,3.42,3.614,3.724,False,,,,,,,,,,,,,,,
81.747,Weightlifting,Clean & Jerk,Front View,Jerk Phase,Detected,168.55,171.92,176.26,178.85,168.22,173.73,78.47,81.09,102.65,136.22,3.38,3.614,3.724,False,,,,,,,,,,,,,,,
81.809,Weightlifting,Clean & Jerk,Front View,Jerk Phase,Detected,167.68,171.32,178.04,178.85,164.25,173.73,76.95,79.39,104.17,179.21,3.08,3.531,3.636,False,,,,,,,,,,,,,,,
81.873,Weightlifting,Clean & Jerk,Front View,Jerk Phase,Detected,167.42,171.2,178.13,178.83,164.19,173.82,73.56,79.43,100.15,109.23,3.13,3.531,3.636,False,,,,,,,,,,,,,,,
81.934,Weightlifting,Clean & Jerk,Front View,Jerk Phase,Detected,167.42,172.11,178.13,177.92,164.19,173.82,72.2,77.4,99.52,109.46,3.13,3.51,3.614,False,,,,,,,,,,,,,,,
81.996,Weightlifting,Clean & Jerk,Front View,Jerk Phase,Detected,167.79,172.88,178.16,177.15,162.38,170.87,71.22,74.37,100.1,112.03,2.88,3.49,3.614,False,,,,,,,,,,,,,,,
82.059,Weightlifting,Clean & Jerk,Front View,Jerk Phase,Detected,167.67,172.83,178.16,177.15,162.38,170.87,71.34,72.9,101.45,111.5,2.91,3.49,3.572,False,,,,,,,,,,,,,,,
82.122,Weightlifting,Clean & Jerk,Front View,Jerk Phase,Detected,167.55,172.69,178.16,176.37,161.25,174.55,66.97,68.63,111.71,109.53,2.96,3.49,3.572,False,,,,,,,,,,,,,,,
82.184,Weightlifting,Clean & Jerk,Front View,Jerk Phase,Detected,168.32,172.64,176.36,176.37,162.16,177.47,67.09,68.68,111.35,108.17,3.0,3.431,3.531,False,,,,,,,,,,,,,,,
82.247,Weightlifting,Clean & Jerk,Front View,Jerk Phase,Detected,167.93,172.48,176.36,176.37,162.16,177.47,61.56,61.88,121.0,119.01,3.1,3.451,3.531,False,,,,,,,,,,,,,,,
82.31,Weightlifting,Clean & Jerk,Front View,Jerk Phase,Detected,168.83,173.05,174.64,176.42,165.92,177.47,59.41,61.26,122.88,120.78,3.47,3.393,3.551,False,,,,,,,,,,,,,,,
82.376,Weightlifting,Clean & Jerk,Front View,Jerk Phase,Detected,168.69,171.24,174.64,177.44,165.92,177.47,55.19,52.89,132.04,130.48,3.18,3.412,3.551,False,,,,,,,,,,,,,,,
82.436,Weightlifting,Clean & Jerk,Front View,Jerk Phase,Detected,168.83,170.48,174.64,177.6,168.97,176.88,53.79,53.69,120.28,128.87,2.81,3.302,3.593,False,,,,,,,,,,,,,,,
82.5,Weightlifting,Clean & Jerk,Front View,Jerk Phase,Detected,167.39,170.34,173.66,177.33,173.1,177.57,48.52,50.78,142.35,130.24,3.32,3.32,3.593,False,,,,,,,,,,,,,,,
82.561,Weightlifting,Clean & Jerk,Front View,Jerk Phase,Detected,166.27,170.27,175.51,177.22,172.2,178.12,47.76,50.86,146.52,127.3,3.37,3.356,3.68,False,,,,,,,,,,,,,,,
82.626,Weightlifting,Clean & Jerk,Front View,Jerk Phase,Detected,164.74,169.63,173.95,176.51,173.53,175.78,46.47,50.61,150.25,128.51,4.24,3.393,3.68,False,,,,,,,,,,,,,,,
82.688,Weightlifting,Clean & Jerk,Front View,Jerk Phase,Detected,163.22,169.34,174.04,176.74,176.5,176.0,47.48,50.91,150.77,128.31,4.87,3.451,3.702,False,,,,,,,,,,,,,,,
82.751,Weightlifting,Clean & Jerk,Front View,Jerk Phase,Detected,162.96,169.23,174.04,176.63,176.99,175.89,45.65,45.9,154.12,135.11,4.95,3.47,3.702,False,,,,,,,,,,,,,,,
82.81,Weightlifting,Clean & Jerk,Front View,Jerk Phase,Detected,161.78,169.23,175.81,176.63,176.14,176.05,45.2,43.89,154.83,137.12,4.99,3.47,3.531,False,,,,,,,,,,,,,,,
82.872,Weightlifting,Clean & Jerk,Front View,Jerk Phase,Detected,161.24,170.84,174.94,175.58,179.62,175.94,41.81,41.56,160.03,137.48,5.62,3.49,3.531,False,,,,,,,,,,,,,,,
